//type	cx	cy	sx	sy	z	dir	time	percent	count	vnum
//quest_mob
g	742	78	10	10	0	0	60s	100	1	20001
//mob
r	742	69	10	10	0	0	60s	100	1	3005
r	694	76	10	10	0	0	60s	100	1	3005
r	698	82	10	10	0	0	60s	100	1	3005
r	755	83	10	10	0	0	60s	100	1	3005
r	763	88	10	10	0	0	60s	100	1	3005
r	786	93	10	10	0	0	60s	100	1	3005
r	700	94	10	10	0	0	60s	100	1	3005
r	715	94	10	10	0	0	60s	100	1	3005
r	786	94	10	10	0	0	60s	100	1	3005
r	764	96	10	10	0	0	60s	100	1	3005
r	761	100	10	10	0	0	60s	100	1	3005
r	767	101	10	10	0	0	60s	100	1	3005
r	776	110	10	10	0	0	60s	100	1	3005
r	745	116	10	10	0	0	60s	100	1	3005
r	723	124	10	10	0	0	60s	100	1	3005
r	719	130	10	10	0	0	60s	100	1	3005
r	693	133	10	10	0	0	60s	100	1	3005
r	720	135	10	10	0	0	60s	100	1	3005
r	740	137	10	10	0	0	60s	100	1	3005
r	748	160	10	10	0	0	60s	100	1	3005
r	728	253	10	10	0	0	60s	100	1	3005
r	750	263	10	10	0	0	60s	100	1	3005
r	733	265	10	10	0	0	60s	100	1	3005
r	713	267	10	10	0	0	60s	100	1	3005
r	720	267	10	10	0	0	60s	100	1	3005
r	764	268	10	10	0	0	60s	100	1	3005
r	788	269	10	10	0	0	60s	100	1	3005
r	808	272	10	10	0	0	60s	100	1	3005
r	777	286	10	10	0	0	60s	100	1	3005
r	767	288	10	10	0	0	60s	100	1	3005
r	759	291	10	10	0	0	60s	100	1	3005
r	841	291	10	10	0	0	60s	100	1	3005
r	772	293	10	10	0	0	60s	100	1	3005
r	744	294	10	10	0	0	60s	100	1	3005
r	845	294	10	10	0	0	60s	100	1	3005
r	820	296	10	10	0	0	60s	100	1	3005
r	770	300	10	10	0	0	60s	100	1	3005
r	832	306	10	10	0	0	60s	100	1	3005
r	820	320	10	10	0	0	60s	100	1	3005
r	734	376	10	10	0	0	60s	100	1	3005
r	772	378	10	10	0	0	60s	100	1	3005
r	728	385	10	10	0	0	60s	100	1	3005
r	748	385	10	10	0	0	60s	100	1	3005
r	853	392	10	10	0	0	60s	100	1	3005
r	753	393	10	10	0	0	60s	100	1	3005
r	727	395	10	10	0	0	60s	100	1	3005
r	803	395	10	10	0	0	60s	100	1	3005
r	876	399	10	10	0	0	60s	100	1	3005
r	701	402	10	10	0	0	60s	100	1	3005
r	799	402	10	10	0	0	60s	100	1	3005
r	817	402	10	10	0	0	60s	100	1	3005
r	800	404	10	10	0	0	60s	100	1	3005
r	729	406	10	10	0	0	60s	100	1	3005
r	818	408	10	10	0	0	60s	100	1	3005
r	702	414	10	10	0	0	60s	100	1	3005
r	844	414	10	10	0	0	60s	100	1	3005
r	908	421	10	10	0	0	60s	100	1	3005
r	708	422	10	10	0	0	60s	100	1	3005
r	887	422	10	10	0	0	60s	100	1	3005
r	900	432	10	10	0	0	60s	100	1	3005
r	714	434	10	10	0	0	60s	100	1	3005
r	690	445	10	10	0	0	60s	100	1	3005
r	680	464	10	10	0	0	60s	100	1	3005
r	677	477	10	10	0	0	60s	100	1	3005
r	685	480	10	10	0	0	60s	100	1	3005
r	661	495	10	10	0	0	60s	100	1	3005
r	667	511	10	10	0	0	60s	100	1	3005
r	670	516	10	10	0	0	60s	100	1	3005
r	667	520	10	10	0	0	60s	100	1	3005
r	670	521	10	10	0	0	60s	100	1	3005
r	698	526	10	10	0	0	60s	100	1	3005
r	701	545	10	10	0	0	60s	100	1	3005
r	697	564	10	10	0	0	60s	100	1	3005
r	738	574	10	10	0	0	60s	100	1	3005
r	705	587	10	10	0	0	60s	100	1	3005
r	733	590	10	10	0	0	60s	100	1	3005
r	736	591	10	10	0	0	60s	100	1	3005
r	734	602	10	10	0	0	60s	100	1	3005
r	719	615	10	10	0	0	60s	100	1	3005
r	738	617	10	10	0	0	60s	100	1	3005
r	741	617	10	10	0	0	60s	100	1	3005
r	740	624	10	10	0	0	60s	100	1	3005
r	751	627	10	10	0	0	60s	100	1	3005
r	745	634	10	10	0	0	60s	100	1	3005
r	762	649	10	10	0	0	60s	100	1	3005
r	748	658	10	10	0	0	60s	100	1	3005
r	706	672	10	10	0	0	60s	100	1	3005
r	728	673	10	10	0	0	60s	100	1	3005
r	744	682	10	10	0	0	60s	100	1	3005
r	728	696	10	10	0	0	60s	100	1	3005
r	914	60	10	10	0	0	60s	100	1	3006
r	913	72	10	10	0	0	60s	100	1	3006
r	841	86	10	10	0	0	60s	100	1	3006
r	875	86	10	10	0	0	60s	100	1	3006
r	866	96	10	10	0	0	60s	100	1	3006
r	818	101	10	10	0	0	60s	100	1	3006
r	832	102	10	10	0	0	60s	100	1	3006
r	910	108	10	10	0	0	60s	100	1	3006
r	914	112	10	10	0	0	60s	100	1	3006
r	878	114	10	10	0	0	60s	100	1	3006
r	847	115	10	10	0	0	60s	100	1	3006
r	809	116	10	10	0	0	60s	100	1	3006
r	912	144	10	10	0	0	60s	100	1	3006
r	935	154	10	10	0	0	60s	100	1	3006
r	892	160	10	10	0	0	60s	100	1	3006
r	918	163	10	10	0	0	60s	100	1	3006
r	950	174	10	10	0	0	60s	100	1	3006
r	950	175	10	10	0	0	60s	100	1	3006
r	875	178	10	10	0	0	60s	100	1	3006
r	897	178	10	10	0	0	60s	100	1	3006
r	920	181	10	10	0	0	60s	100	1	3006
r	904	191	10	10	0	0	60s	100	1	3006
r	961	193	10	10	0	0	60s	100	1	3006
r	918	197	10	10	0	0	60s	100	1	3006
r	931	202	10	10	0	0	60s	100	1	3006
r	913	211	10	10	0	0	60s	100	1	3006
r	950	217	10	10	0	0	60s	100	1	3006
r	961	228	10	10	0	0	60s	100	1	3006
r	926	245	10	10	0	0	60s	100	1	3006
r	939	248	10	10	0	0	60s	100	1	3006
r	926	266	10	10	0	0	60s	100	1	3006
r	950	275	10	10	0	0	60s	100	1	3006
r	923	280	10	10	0	0	60s	100	1	3006
r	919	327	10	10	0	0	60s	100	1	3006
r	933	332	10	10	0	0	60s	100	1	3006
r	937	356	10	10	0	0	60s	100	1	3006
r	923	364	10	10	0	0	60s	100	1	3006
r	944	372	10	10	0	0	60s	100	1	3006
r	934	376	10	10	0	0	60s	100	1	3006
r	903	380	10	10	0	0	60s	100	1	3006
r	893	394	10	10	0	0	60s	100	1	3006
r	895	399	10	10	0	0	60s	100	1	3006
r	616	587	10	10	0	0	60s	100	1	3006
r	621	617	10	10	0	0	60s	100	1	3006
r	632	617	10	10	0	0	60s	100	1	3006
r	640	626	10	10	0	0	60s	100	1	3006
r	641	628	10	10	0	0	60s	100	1	3006
r	619	650	10	10	0	0	60s	100	1	3006
r	636	654	10	10	0	0	60s	100	1	3006
r	463	655	10	10	0	0	60s	100	1	3006
r	534	656	10	10	0	0	60s	100	1	3006
r	637	685	10	10	0	0	60s	100	1	3006
r	628	699	10	10	0	0	60s	100	1	3006
r	641	721	10	10	0	0	60s	100	1	3006
r	634	722	10	10	0	0	60s	100	1	3006
r	609	748	10	10	0	0	60s	100	1	3006
r	630	753	10	10	0	0	60s	100	1	3006
r	612	768	10	10	0	0	60s	100	1	3006
r	507	770	10	10	0	0	60s	100	1	3006
r	493	780	10	10	0	0	60s	100	1	3006
r	576	781	10	10	0	0	60s	100	1	3006
r	505	786	10	10	0	0	60s	100	1	3006
r	591	787	10	10	0	0	60s	100	1	3006
r	488	788	10	10	0	0	60s	100	1	3006
r	518	795	10	10	0	0	60s	100	1	3006
r	581	796	10	10	0	0	60s	100	1	3006
r	550	798	10	10	0	0	60s	100	1	3006
r	587	800	10	10	0	0	60s	100	1	3006
r	605	800	10	10	0	0	60s	100	1	3006
r	546	801	10	10	0	0	60s	100	1	3006
r	535	807	10	10	0	0	60s	100	1	3006
r	557	810	10	10	0	0	60s	100	1	3006
r	530	813	10	10	0	0	60s	100	1	3006
r	534	814	10	10	0	0	60s	100	1	3006
r	570	814	10	10	0	0	60s	100	1	3006
r	605	105	10	10	0	0	60s	100	1	3004
r	574	113	10	10	0	0	60s	100	1	3004
r	576	131	10	10	0	0	60s	100	1	3004
r	613	140	10	10	0	0	60s	100	1	3004
r	564	148	10	10	0	0	60s	100	1	3004
r	584	150	10	10	0	0	60s	100	1	3004
r	599	155	10	10	0	0	60s	100	1	3004
r	617	158	10	10	0	0	60s	100	1	3004
r	588	164	10	10	0	0	60s	100	1	3004
r	628	165	10	10	0	0	60s	100	1	3004
r	542	177	10	10	0	0	60s	100	1	3004
r	603	184	10	10	0	0	60s	100	1	3004
r	527	185	10	10	0	0	60s	100	1	3004
r	599	188	10	10	0	0	60s	100	1	3004
r	609	188	10	10	0	0	60s	100	1	3004
r	593	192	10	10	0	0	60s	100	1	3004
r	579	194	10	10	0	0	60s	100	1	3004
r	621	199	10	10	0	0	60s	100	1	3004
r	646	201	10	10	0	0	60s	100	1	3004
r	641	212	10	10	0	0	60s	100	1	3004
r	524	215	10	10	0	0	60s	100	1	3004
r	627	215	10	10	0	0	60s	100	1	3004
r	509	221	10	10	0	0	60s	100	1	3004
r	657	222	10	10	0	0	60s	100	1	3004
r	515	223	10	10	0	0	60s	100	1	3004
r	567	224	10	10	0	0	60s	100	1	3004
r	614	232	10	10	0	0	60s	100	1	3004
r	534	236	10	10	0	0	60s	100	1	3004
r	635	242	10	10	0	0	60s	100	1	3004
r	656	243	10	10	0	0	60s	100	1	3004
r	524	248	10	10	0	0	60s	100	1	3004
r	638	252	10	10	0	0	60s	100	1	3004
r	675	253	10	10	0	0	60s	100	1	3004
r	645	261	10	10	0	0	60s	100	1	3004
r	511	266	10	10	0	0	60s	100	1	3004
r	692	267	10	10	0	0	60s	100	1	3004
r	452	276	10	10	0	0	60s	100	1	3004
r	466	278	10	10	0	0	60s	100	1	3004
r	490	278	10	10	0	0	60s	100	1	3004
r	694	288	10	10	0	0	60s	100	1	3004
r	451	290	10	10	0	0	60s	100	1	3004
r	480	294	10	10	0	0	60s	100	1	3004
r	862	448	10	10	0	0	60s	100	1	3004
r	860	454	10	10	0	0	60s	100	1	3004
r	871	455	10	10	0	0	60s	100	1	3004
r	862	464	10	10	0	0	60s	100	1	3004
r	844	475	10	10	0	0	60s	100	1	3004
r	869	484	10	10	0	0	60s	100	1	3004
r	844	486	10	10	0	0	60s	100	1	3004
r	847	497	10	10	0	0	60s	100	1	3004
r	839	503	10	10	0	0	60s	100	1	3004
r	885	503	10	10	0	0	60s	100	1	3004
r	844	505	10	10	0	0	60s	100	1	3004
r	861	519	10	10	0	0	60s	100	1	3004
r	895	542	10	10	0	0	60s	100	1	3004
r	924	555	10	10	0	0	60s	100	1	3004
r	942	578	10	10	0	0	60s	100	1	3004
r	902	591	10	10	0	0	60s	100	1	3004
r	951	591	10	10	0	0	60s	100	1	3004
r	930	592	10	10	0	0	60s	100	1	3004
r	896	611	10	10	0	0	60s	100	1	3004
r	920	616	10	10	0	0	60s	100	1	3004
r	902	620	10	10	0	0	60s	100	1	3004
r	901	627	10	10	0	0	60s	100	1	3004
r	894	631	10	10	0	0	60s	100	1	3004
r	938	641	10	10	0	0	60s	100	1	3004
r	925	646	10	10	0	0	60s	100	1	3004
r	908	655	10	10	0	0	60s	100	1	3004
r	925	661	10	10	0	0	60s	100	1	3004
r	879	663	10	10	0	0	60s	100	1	3004
r	898	672	10	10	0	0	60s	100	1	3004
r	900	683	10	10	0	0	60s	100	1	3004
r	893	685	10	10	0	0	60s	100	1	3004
r	917	685	10	10	0	0	60s	100	1	3004
r	858	688	10	10	0	0	60s	100	1	3004
r	913	688	10	10	0	0	60s	100	1	3004
r	879	695	10	10	0	0	60s	100	1	3004
r	904	698	10	10	0	0	60s	100	1	3004
r	710	700	10	10	0	0	60s	100	1	3004
r	885	702	10	10	0	0	60s	100	1	3004
r	716	707	10	10	0	0	60s	100	1	3004
r	725	708	10	10	0	0	60s	100	1	3004
r	735	712	10	10	0	0	60s	100	1	3004
r	912	720	10	10	0	0	60s	100	1	3004
r	711	731	10	10	0	0	60s	100	1	3004
r	719	737	10	10	0	0	60s	100	1	3004
r	893	745	10	10	0	0	60s	100	1	3004
r	733	774	10	10	0	0	60s	100	1	3004
r	721	775	10	10	0	0	60s	100	1	3004
r	723	789	10	10	0	0	60s	100	1	3004
r	724	797	10	10	0	0	60s	100	1	3004
r	769	811	10	10	0	0	60s	100	1	3004
r	769	814	10	10	0	0	60s	100	1	3004
r	767	822	10	10	0	0	60s	100	1	3004
r	780	827	10	10	0	0	60s	100	1	3004
r	784	827	10	10	0	0	60s	100	1	3004
r	193	49	10	10	0	0	60s	100	1	3027
r	193	51	10	10	0	0	60s	100	1	3027
r	147	59	10	10	0	0	60s	100	1	3027
r	113	60	10	10	0	0	60s	100	1	3027
r	196	60	10	10	0	0	60s	100	1	3027
r	189	61	10	10	0	0	60s	100	1	3027
r	122	64	10	10	0	0	60s	100	1	3027
r	171	75	10	10	0	0	60s	100	1	3027
r	132	76	10	10	0	0	60s	100	1	3027
r	127	77	10	10	0	0	60s	100	1	3027
r	142	78	10	10	0	0	60s	100	1	3027
r	89	84	10	10	0	0	60s	100	1	3027
r	199	84	10	10	0	0	60s	100	1	3027
r	92	89	10	10	0	0	60s	100	1	3027
r	99	89	10	10	0	0	60s	100	1	3027
r	100	99	10	10	0	0	60s	100	1	3027
r	130	101	10	10	0	0	60s	100	1	3027
r	142	115	10	10	0	0	60s	100	1	3027
r	259	118	10	10	0	0	60s	100	1	3027
r	390	121	10	10	0	0	60s	100	1	3027
r	144	122	10	10	0	0	60s	100	1	3027
r	245	127	10	10	0	0	60s	100	1	3027
r	301	130	10	10	0	0	60s	100	1	3027
r	96	131	10	10	0	0	60s	100	1	3027
r	387	137	10	10	0	0	60s	100	1	3027
r	122	138	10	10	0	0	60s	100	1	3027
r	142	140	10	10	0	0	60s	100	1	3027
r	299	141	10	10	0	0	60s	100	1	3027
r	356	141	10	10	0	0	60s	100	1	3027
r	256	147	10	10	0	0	60s	100	1	3027
r	414	147	10	10	0	0	60s	100	1	3027
r	126	149	10	10	0	0	60s	100	1	3027
r	372	151	10	10	0	0	60s	100	1	3027
r	106	152	10	10	0	0	60s	100	1	3027
r	248	156	10	10	0	0	60s	100	1	3027
r	380	158	10	10	0	0	60s	100	1	3027
r	126	165	10	10	0	0	60s	100	1	3027
r	236	180	10	10	0	0	60s	100	1	3027
r	137	183	10	10	0	0	60s	100	1	3027
r	126	184	10	10	0	0	60s	100	1	3027
r	129	184	10	10	0	0	60s	100	1	3027
r	355	187	10	10	0	0	60s	100	1	3027
r	191	194	10	10	0	0	60s	100	1	3027
r	182	196	10	10	0	0	60s	100	1	3027
r	227	206	10	10	0	0	60s	100	1	3027
r	184	209	10	10	0	0	60s	100	1	3027
r	177	210	10	10	0	0	60s	100	1	3027
r	121	220	10	10	0	0	60s	100	1	3027
r	119	226	10	10	0	0	60s	100	1	3027
r	126	234	10	10	0	0	60s	100	1	3027
r	137	240	10	10	0	0	60s	100	1	3027
r	130	244	10	10	0	0	60s	100	1	3027
r	119	258	10	10	0	0	60s	100	1	3027
r	650	1057	10	10	0	0	60s	100	1	3027
r	604	1077	10	10	0	0	60s	100	1	3027
r	598	1078	10	10	0	0	60s	100	1	3027
r	686	1087	10	10	0	0	60s	100	1	3027
r	624	1093	10	10	0	0	60s	100	1	3027
r	610	1095	10	10	0	0	60s	100	1	3027
r	637	1098	10	10	0	0	60s	100	1	3027
r	602	1108	10	10	0	0	60s	100	1	3027
r	577	1112	10	10	0	0	60s	100	1	3027
r	675	1112	10	10	0	0	60s	100	1	3027
r	697	1112	10	10	0	0	60s	100	1	3027
r	581	1115	10	10	0	0	60s	100	1	3027
r	692	1116	10	10	0	0	60s	100	1	3027
r	683	1117	10	10	0	0	60s	100	1	3027
r	698	1118	10	10	0	0	60s	100	1	3027
r	591	1121	10	10	0	0	60s	100	1	3027
r	586	1128	10	10	0	0	60s	100	1	3027
r	665	1129	10	10	0	0	60s	100	1	3027
r	594	1133	10	10	0	0	60s	100	1	3027
r	643	1140	10	10	0	0	60s	100	1	3027
r	644	1144	10	10	0	0	60s	100	1	3027
r	676	1149	10	10	0	0	60s	100	1	3027
r	639	1152	10	10	0	0	60s	100	1	3027
r	582	1154	10	10	0	0	60s	100	1	3027
r	587	1155	10	10	0	0	60s	100	1	3027
r	592	1158	10	10	0	0	60s	100	1	3027
r	604	1158	10	10	0	0	60s	100	1	3027
r	655	1158	10	10	0	0	60s	100	1	3027
r	638	1162	10	10	0	0	60s	100	1	3027
r	585	1172	10	10	0	0	60s	100	1	3027
r	579	1186	10	10	0	0	60s	100	1	3027
r	595	1192	10	10	0	0	60s	100	1	3027
r	576	1198	10	10	0	0	60s	100	1	3027
r	612	1201	10	10	0	0	60s	100	1	3027
r	560	1218	10	10	0	0	60s	100	1	3027
r	575	1221	10	10	0	0	60s	100	1	3027
r	592	1221	10	10	0	0	60s	100	1	3027
r	739	1237	10	10	0	0	60s	100	1	3027
r	730	1238	10	10	0	0	60s	100	1	3027
r	693	1249	10	10	0	0	60s	100	1	3027
r	745	1249	10	10	0	0	60s	100	1	3027
r	569	1267	10	10	0	0	60s	100	1	3027
r	695	1269	10	10	0	0	60s	100	1	3027
r	735	1269	10	10	0	0	60s	100	1	3027
r	561	1283	10	10	0	0	60s	100	1	3027
r	742	1283	10	10	0	0	60s	100	1	3027
r	696	1290	10	10	0	0	60s	100	1	3027
r	726	1293	10	10	0	0	60s	100	1	3027
r	583	1296	10	10	0	0	60s	100	1	3027
r	711	1300	10	10	0	0	60s	100	1	3027
r	641	1304	10	10	0	0	60s	100	1	3027
r	662	1320	10	10	0	0	60s	100	1	3027
r	560	1325	10	10	0	0	60s	100	1	3027
r	593	1325	10	10	0	0	60s	100	1	3027
r	567	1337	10	10	0	0	60s	100	1	3027
r	567	1344	10	10	0	0	60s	100	1	3027
r	570	1351	10	10	0	0	60s	100	1	3027
r	581	1355	10	10	0	0	60s	100	1	3027
r	568	1361	10	10	0	0	60s	100	1	3027
r	556	1362	10	10	0	0	60s	100	1	3027
r	559	1371	10	10	0	0	60s	100	1	3027
r	585	1374	10	10	0	0	60s	100	1	3027
r	465	150	10	10	0	0	60s	100	1	3026
r	495	153	10	10	0	0	60s	100	1	3026
r	461	157	10	10	0	0	60s	100	1	3026
r	435	158	10	10	0	0	60s	100	1	3026
r	495	159	10	10	0	0	60s	100	1	3026
r	395	175	10	10	0	0	60s	100	1	3026
r	456	175	10	10	0	0	60s	100	1	3026
r	449	182	10	10	0	0	60s	100	1	3026
r	410	184	10	10	0	0	60s	100	1	3026
r	450	193	10	10	0	0	60s	100	1	3026
r	467	194	10	10	0	0	60s	100	1	3026
r	374	196	10	10	0	0	60s	100	1	3026
r	398	202	10	10	0	0	60s	100	1	3026
r	347	205	10	10	0	0	60s	100	1	3026
r	383	206	10	10	0	0	60s	100	1	3026
r	364	207	10	10	0	0	60s	100	1	3026
r	370	213	10	10	0	0	60s	100	1	3026
r	460	219	10	10	0	0	60s	100	1	3026
r	403	220	10	10	0	0	60s	100	1	3026
r	322	222	10	10	0	0	60s	100	1	3026
r	190	223	10	10	0	0	60s	100	1	3026
r	410	232	10	10	0	0	60s	100	1	3026
r	390	237	10	10	0	0	60s	100	1	3026
r	416	242	10	10	0	0	60s	100	1	3026
r	152	244	10	10	0	0	60s	100	1	3026
r	185	254	10	10	0	0	60s	100	1	3026
r	403	258	10	10	0	0	60s	100	1	3026
r	444	258	10	10	0	0	60s	100	1	3026
r	333	264	10	10	0	0	60s	100	1	3026
r	171	265	10	10	0	0	60s	100	1	3026
r	355	265	10	10	0	0	60s	100	1	3026
r	401	266	10	10	0	0	60s	100	1	3026
r	220	287	10	10	0	0	60s	100	1	3026
r	165	301	10	10	0	0	60s	100	1	3026
r	416	317	10	10	0	0	60s	100	1	3026
r	498	342	10	10	0	0	60s	100	1	3026
r	475	343	10	10	0	0	60s	100	1	3026
r	361	345	10	10	0	0	60s	100	1	3026
r	356	358	10	10	0	0	60s	100	1	3026
r	362	364	10	10	0	0	60s	100	1	3026
r	438	367	10	10	0	0	60s	100	1	3026
r	436	373	10	10	0	0	60s	100	1	3026
r	397	394	10	10	0	0	60s	100	1	3026
r	406	395	10	10	0	0	60s	100	1	3026
r	309	397	10	10	0	0	60s	100	1	3026
r	328	399	10	10	0	0	60s	100	1	3026
r	328	401	10	10	0	0	60s	100	1	3026
r	373	402	10	10	0	0	60s	100	1	3026
r	329	407	10	10	0	0	60s	100	1	3026
r	324	412	10	10	0	0	60s	100	1	3026
r	352	424	10	10	0	0	60s	100	1	3026
r	342	426	10	10	0	0	60s	100	1	3026
r	349	428	10	10	0	0	60s	100	1	3026
r	366	428	10	10	0	0	60s	100	1	3026
r	418	429	10	10	0	0	60s	100	1	3026
r	323	451	10	10	0	0	60s	100	1	3026
r	173	460	10	10	0	0	60s	100	1	3026
r	308	461	10	10	0	0	60s	100	1	3026
r	169	462	10	10	0	0	60s	100	1	3026
r	187	471	10	10	0	0	60s	100	1	3026
r	312	487	10	10	0	0	60s	100	1	3026
r	276	490	10	10	0	0	60s	100	1	3026
r	298	491	10	10	0	0	60s	100	1	3026
r	102	498	10	10	0	0	60s	100	1	3026
r	92	503	10	10	0	0	60s	100	1	3026
r	131	505	10	10	0	0	60s	100	1	3026
r	113	509	10	10	0	0	60s	100	1	3026
r	342	510	10	10	0	0	60s	100	1	3026
r	97	517	10	10	0	0	60s	100	1	3026
r	99	517	10	10	0	0	60s	100	1	3026
r	151	531	10	10	0	0	60s	100	1	3026
r	308	544	10	10	0	0	60s	100	1	3026
r	308	551	10	10	0	0	60s	100	1	3026
r	307	556	10	10	0	0	60s	100	1	3026
r	135	558	10	10	0	0	60s	100	1	3026
r	122	562	10	10	0	0	60s	100	1	3026
r	124	566	10	10	0	0	60s	100	1	3026
r	104	578	10	10	0	0	60s	100	1	3026
r	116	578	10	10	0	0	60s	100	1	3026
r	117	587	10	10	0	0	60s	100	1	3026
r	303	591	10	10	0	0	60s	100	1	3026
r	124	592	10	10	0	0	60s	100	1	3026
r	162	592	10	10	0	0	60s	100	1	3026
r	916	831	10	10	0	0	60s	100	1	3026
r	936	920	10	10	0	0	60s	100	1	3026
r	949	937	10	10	0	0	60s	100	1	3026
r	950	949	10	10	0	0	60s	100	1	3026
r	938	952	10	10	0	0	60s	100	1	3026
r	936	956	10	10	0	0	60s	100	1	3026
r	958	964	10	10	0	0	60s	100	1	3026
r	934	965	10	10	0	0	60s	100	1	3026
r	941	981	10	10	0	0	60s	100	1	3026
r	945	988	10	10	0	0	60s	100	1	3026
r	934	1006	10	10	0	0	60s	100	1	3026
r	909	1012	10	10	0	0	60s	100	1	3026
r	944	1017	10	10	0	0	60s	100	1	3026
r	908	1020	10	10	0	0	60s	100	1	3026
r	938	1031	10	10	0	0	60s	100	1	3026
r	940	1041	10	10	0	0	60s	100	1	3026
r	909	1043	10	10	0	0	60s	100	1	3026
r	732	1055	10	10	0	0	60s	100	1	3026
r	728	1068	10	10	0	0	60s	100	1	3026
r	688	1083	10	10	0	0	60s	100	1	3026
r	920	1087	10	10	0	0	60s	100	1	3026
r	929	1088	10	10	0	0	60s	100	1	3026
r	936	1096	10	10	0	0	60s	100	1	3026
r	712	1107	10	10	0	0	60s	100	1	3026
r	864	1119	10	10	0	0	60s	100	1	3026
r	880	1122	10	10	0	0	60s	100	1	3026
r	925	1132	10	10	0	0	60s	100	1	3026
r	947	1140	10	10	0	0	60s	100	1	3026
r	915	1144	10	10	0	0	60s	100	1	3026
r	915	1147	10	10	0	0	60s	100	1	3026
r	922	1156	10	10	0	0	60s	100	1	3026
r	866	1166	10	10	0	0	60s	100	1	3026
r	926	1181	10	10	0	0	60s	100	1	3026
r	765	1203	10	10	0	0	60s	100	1	3026
r	883	1212	10	10	0	0	60s	100	1	3026
r	889	1213	10	10	0	0	60s	100	1	3026
r	948	1217	10	10	0	0	60s	100	1	3026
r	760	1227	10	10	0	0	60s	100	1	3026
r	789	1231	10	10	0	0	60s	100	1	3026
r	795	1234	10	10	0	0	60s	100	1	3026
r	904	1234	10	10	0	0	60s	100	1	3026
r	915	1243	10	10	0	0	60s	100	1	3026
r	796	1246	10	10	0	0	60s	100	1	3026
r	929	1254	10	10	0	0	60s	100	1	3026
r	765	1262	10	10	0	0	60s	100	1	3026
r	773	1267	10	10	0	0	60s	100	1	3026
r	761	1281	10	10	0	0	60s	100	1	3026
r	939	1285	10	10	0	0	60s	100	1	3026
r	927	1292	10	10	0	0	60s	100	1	3026
r	912	1294	10	10	0	0	60s	100	1	3026
r	964	1307	10	10	0	0	60s	100	1	3026
r	721	1308	10	10	0	0	60s	100	1	3026
r	726	1308	10	10	0	0	60s	100	1	3026
r	815	1309	10	10	0	0	60s	100	1	3026
r	697	1311	10	10	0	0	60s	100	1	3026
r	696	1314	10	10	0	0	60s	100	1	3026
r	802	1316	10	10	0	0	60s	100	1	3026
r	807	1316	10	10	0	0	60s	100	1	3026
r	952	1317	10	10	0	0	60s	100	1	3026
r	840	1320	10	10	0	0	60s	100	1	3026
r	769	1322	10	10	0	0	60s	100	1	3026
r	737	1326	10	10	0	0	60s	100	1	3026
r	656	1331	10	10	0	0	60s	100	1	3026
r	696	1338	10	10	0	0	60s	100	1	3026
r	701	1342	10	10	0	0	60s	100	1	3026
r	770	1351	10	10	0	0	60s	100	1	3026
r	617	1355	10	10	0	0	60s	100	1	3026
r	603	1356	10	10	0	0	60s	100	1	3026
r	803	1356	10	10	0	0	60s	100	1	3026
r	771	1357	10	10	0	0	60s	100	1	3026
r	644	1364	10	10	0	0	60s	100	1	3026
r	649	1376	10	10	0	0	60s	100	1	3026
r	654	1377	10	10	0	0	60s	100	1	3026
r	665	1379	10	10	0	0	60s	100	1	3026
r	617	1391	10	10	0	0	60s	100	1	3026
r	699	1396	10	10	0	0	60s	100	1	3026
r	717	1417	10	10	0	0	60s	100	1	3026
r	196	657	10	10	0	0	60s	100	1	3019
r	173	663	10	10	0	0	60s	100	1	3019
r	201	682	10	10	0	0	60s	100	1	3019
r	191	696	10	10	0	0	60s	100	1	3019
r	188	703	10	10	0	0	60s	100	1	3019
r	201	716	10	10	0	0	60s	100	1	3019
r	185	718	10	10	0	0	60s	100	1	3019
r	197	719	10	10	0	0	60s	100	1	3019
r	165	726	10	10	0	0	60s	100	1	3019
r	196	727	10	10	0	0	60s	100	1	3019
r	165	742	10	10	0	0	60s	100	1	3019
r	172	746	10	10	0	0	60s	100	1	3019
r	165	756	10	10	0	0	60s	100	1	3019
r	135	757	10	10	0	0	60s	100	1	3019
r	138	773	10	10	0	0	60s	100	1	3019
r	200	773	10	10	0	0	60s	100	1	3019
r	157	783	10	10	0	0	60s	100	1	3019
r	133	787	10	10	0	0	60s	100	1	3019
r	149	788	10	10	0	0	60s	100	1	3019
r	202	796	10	10	0	0	60s	100	1	3019
r	147	808	10	10	0	0	60s	100	1	3019
r	155	811	10	10	0	0	60s	100	1	3019
r	155	815	10	10	0	0	60s	100	1	3019
r	154	820	10	10	0	0	60s	100	1	3019
r	157	827	10	10	0	0	60s	100	1	3019
r	202	839	10	10	0	0	60s	100	1	3019
r	199	858	10	10	0	0	60s	100	1	3019
r	180	860	10	10	0	0	60s	100	1	3019
r	194	860	10	10	0	0	60s	100	1	3019
r	199	862	10	10	0	0	60s	100	1	3019
r	239	888	10	10	0	0	60s	100	1	3019
r	248	893	10	10	0	0	60s	100	1	3019
r	231	900	10	10	0	0	60s	100	1	3019
r	214	906	10	10	0	0	60s	100	1	3019
r	232	912	10	10	0	0	60s	100	1	3019
r	229	917	10	10	0	0	60s	100	1	3019
r	216	918	10	10	0	0	60s	100	1	3019
r	217	924	10	10	0	0	60s	100	1	3019
r	216	927	10	10	0	0	60s	100	1	3019
r	250	929	10	10	0	0	60s	100	1	3019
r	247	930	10	10	0	0	60s	100	1	3019
r	227	942	10	10	0	0	60s	100	1	3019
r	236	946	10	10	0	0	60s	100	1	3019
r	243	955	10	10	0	0	60s	100	1	3019
r	228	965	10	10	0	0	60s	100	1	3019
r	254	965	10	10	0	0	60s	100	1	3019
r	238	966	10	10	0	0	60s	100	1	3019
r	219	968	10	10	0	0	60s	100	1	3019
r	220	975	10	10	0	0	60s	100	1	3019
r	215	976	10	10	0	0	60s	100	1	3019
r	226	984	10	10	0	0	60s	100	1	3019
r	242	990	10	10	0	0	60s	100	1	3019
r	215	1015	10	10	0	0	60s	100	1	3019
r	220	1020	10	10	0	0	60s	100	1	3019
r	224	1025	10	10	0	0	60s	100	1	3019
r	220	1034	10	10	0	0	60s	100	1	3019
r	213	1039	10	10	0	0	60s	100	1	3019
r	221	1043	10	10	0	0	60s	100	1	3019
r	156	1052	10	10	0	0	60s	100	1	3019
r	171	1069	10	10	0	0	60s	100	1	3019
r	177	1072	10	10	0	0	60s	100	1	3019
r	200	1074	10	10	0	0	60s	100	1	3019
r	187	1088	10	10	0	0	60s	100	1	3019
r	168	1104	10	10	0	0	60s	100	1	3019
r	180	1115	10	10	0	0	60s	100	1	3019
r	175	1119	10	10	0	0	60s	100	1	3019
r	197	1124	10	10	0	0	60s	100	1	3019
r	197	1130	10	10	0	0	60s	100	1	3019
r	187	1135	10	10	0	0	60s	100	1	3019
r	197	1144	10	10	0	0	60s	100	1	3019
r	201	1146	10	10	0	0	60s	100	1	3019
r	213	1148	10	10	0	0	60s	100	1	3019
r	174	1151	10	10	0	0	60s	100	1	3019
r	206	1164	10	10	0	0	60s	100	1	3019
r	182	1170	10	10	0	0	60s	100	1	3019
r	180	1180	10	10	0	0	60s	100	1	3019
r	185	1180	10	10	0	0	60s	100	1	3019
r	224	1180	10	10	0	0	60s	100	1	3019
r	195	1207	10	10	0	0	60s	100	1	3019
r	170	1225	10	10	0	0	60s	100	1	3019
r	188	1233	10	10	0	0	60s	100	1	3019
r	223	1252	10	10	0	0	60s	100	1	3019
r	180	1253	10	10	0	0	60s	100	1	3019
r	180	1262	10	10	0	0	60s	100	1	3019
r	214	1280	10	10	0	0	60s	100	1	3019
r	206	1282	10	10	0	0	60s	100	1	3019
r	230	1285	10	10	0	0	60s	100	1	3019
r	203	1287	10	10	0	0	60s	100	1	3019
r	167	1306	10	10	0	0	60s	100	1	3019
r	198	1306	10	10	0	0	60s	100	1	3019
r	220	1308	10	10	0	0	60s	100	1	3019
r	176	1337	10	10	0	0	60s	100	1	3019
r	207	1344	10	10	0	0	60s	100	1	3019
r	195	1363	10	10	0	0	60s	100	1	3019
r	213	1365	10	10	0	0	60s	100	1	3019
r	210	1368	10	10	0	0	60s	100	1	3019
r	172	1372	10	10	0	0	60s	100	1	3019
r	192	1377	10	10	0	0	60s	100	1	3019
r	136	1380	10	10	0	0	60s	100	1	3019
r	187	1381	10	10	0	0	60s	100	1	3019
r	173	1389	10	10	0	0	60s	100	1	3019
r	242	661	10	10	0	0	60s	100	1	3020
r	249	661	10	10	0	0	60s	100	1	3020
r	245	667	10	10	0	0	60s	100	1	3020
r	149	674	10	10	0	0	60s	100	1	3020
r	228	691	10	10	0	0	60s	100	1	3020
r	151	698	10	10	0	0	60s	100	1	3020
r	134	707	10	10	0	0	60s	100	1	3020
r	243	729	10	10	0	0	60s	100	1	3020
r	224	730	10	10	0	0	60s	100	1	3020
r	125	731	10	10	0	0	60s	100	1	3020
r	138	733	10	10	0	0	60s	100	1	3020
r	208	733	10	10	0	0	60s	100	1	3020
r	226	737	10	10	0	0	60s	100	1	3020
r	100	762	10	10	0	0	60s	100	1	3020
r	215	767	10	10	0	0	60s	100	1	3020
r	94	774	10	10	0	0	60s	100	1	3020
r	105	778	10	10	0	0	60s	100	1	3020
r	101	783	10	10	0	0	60s	100	1	3020
r	214	786	10	10	0	0	60s	100	1	3020
r	114	795	10	10	0	0	60s	100	1	3020
r	91	798	10	10	0	0	60s	100	1	3020
r	114	812	10	10	0	0	60s	100	1	3020
r	102	813	10	10	0	0	60s	100	1	3020
r	230	816	10	10	0	0	60s	100	1	3020
r	221	831	10	10	0	0	60s	100	1	3020
r	116	848	10	10	0	0	60s	100	1	3020
r	149	849	10	10	0	0	60s	100	1	3020
r	292	850	10	10	0	0	60s	100	1	3020
r	249	856	10	10	0	0	60s	100	1	3020
r	110	862	10	10	0	0	60s	100	1	3020
r	108	866	10	10	0	0	60s	100	1	3020
r	161	868	10	10	0	0	60s	100	1	3020
r	243	868	10	10	0	0	60s	100	1	3020
r	247	876	10	10	0	0	60s	100	1	3020
r	157	884	10	10	0	0	60s	100	1	3020
r	175	894	10	10	0	0	60s	100	1	3020
r	171	923	10	10	0	0	60s	100	1	3020
r	174	940	10	10	0	0	60s	100	1	3020
r	170	948	10	10	0	0	60s	100	1	3020
r	203	956	10	10	0	0	60s	100	1	3020
r	173	959	10	10	0	0	60s	100	1	3020
r	197	961	10	10	0	0	60s	100	1	3020
r	185	965	10	10	0	0	60s	100	1	3020
r	274	968	10	10	0	0	60s	100	1	3020
r	172	972	10	10	0	0	60s	100	1	3020
r	290	975	10	10	0	0	60s	100	1	3020
r	297	975	10	10	0	0	60s	100	1	3020
r	295	980	10	10	0	0	60s	100	1	3020
r	278	993	10	10	0	0	60s	100	1	3020
r	318	1012	10	10	0	0	60s	100	1	3020
r	282	1018	10	10	0	0	60s	100	1	3020
r	273	1029	10	10	0	0	60s	100	1	3020
r	130	1034	10	10	0	0	60s	100	1	3020
r	259	1034	10	10	0	0	60s	100	1	3020
r	152	1039	10	10	0	0	60s	100	1	3020
r	162	1080	10	10	0	0	60s	100	1	3020
r	127	1081	10	10	0	0	60s	100	1	3020
r	139	1083	10	10	0	0	60s	100	1	3020
r	148	1085	10	10	0	0	60s	100	1	3020
r	162	1085	10	10	0	0	60s	100	1	3020
r	132	1095	10	10	0	0	60s	100	1	3020
r	120	1098	10	10	0	0	60s	100	1	3020
r	144	1102	10	10	0	0	60s	100	1	3020
r	132	1104	10	10	0	0	60s	100	1	3020
r	141	1109	10	10	0	0	60s	100	1	3020
r	128	1113	10	10	0	0	60s	100	1	3020
r	164	1137	10	10	0	0	60s	100	1	3020
r	128	1139	10	10	0	0	60s	100	1	3020
r	131	1147	10	10	0	0	60s	100	1	3020
r	158	1153	10	10	0	0	60s	100	1	3020
r	261	1155	10	10	0	0	60s	100	1	3020
r	284	1156	10	10	0	0	60s	100	1	3020
r	123	1157	10	10	0	0	60s	100	1	3020
r	257	1157	10	10	0	0	60s	100	1	3020
r	117	1178	10	10	0	0	60s	100	1	3020
r	152	1187	10	10	0	0	60s	100	1	3020
r	110	1195	10	10	0	0	60s	100	1	3020
r	111	1212	10	10	0	0	60s	100	1	3020
r	125	1216	10	10	0	0	60s	100	1	3020
r	136	1218	10	10	0	0	60s	100	1	3020
r	148	1219	10	10	0	0	60s	100	1	3020
r	131	1230	10	10	0	0	60s	100	1	3020
r	106	1235	10	10	0	0	60s	100	1	3020
r	102	1238	10	10	0	0	60s	100	1	3020
r	134	1243	10	10	0	0	60s	100	1	3020
r	118	1244	10	10	0	0	60s	100	1	3020
r	134	1259	10	10	0	0	60s	100	1	3020
r	135	1260	10	10	0	0	60s	100	1	3020
r	300	1293	10	10	0	0	60s	100	1	3020
r	249	1296	10	10	0	0	60s	100	1	3020
r	300	1300	10	10	0	0	60s	100	1	3020
r	242	1301	10	10	0	0	60s	100	1	3020
r	229	1321	10	10	0	0	60s	100	1	3020
r	238	1337	10	10	0	0	60s	100	1	3020
r	247	1345	10	10	0	0	60s	100	1	3020
r	207	1378	10	10	0	0	60s	100	1	3020
r	175	1397	10	10	0	0	60s	100	1	3020
r	216	1398	10	10	0	0	60s	100	1	3020
r	246	1400	10	10	0	0	60s	100	1	3020
r	240	1402	10	10	0	0	60s	100	1	3020
r	250	1412	10	10	0	0	60s	100	1	3020
r	266	1417	10	10	0	0	60s	100	1	3020
r	289	1420	10	10	0	0	60s	100	1	3020
r	245	1421	10	10	0	0	60s	100	1	3020
r	243	1446	10	10	0	0	60s	100	1	3020
r	290	680	10	10	0	0	60s	100	1	3021
r	307	692	10	10	0	0	60s	100	1	3021
r	320	699	10	10	0	0	60s	100	1	3021
r	319	703	10	10	0	0	60s	100	1	3021
r	293	707	10	10	0	0	60s	100	1	3021
r	285	708	10	10	0	0	60s	100	1	3021
r	268	711	10	10	0	0	60s	100	1	3021
r	287	714	10	10	0	0	60s	100	1	3021
r	256	723	10	10	0	0	60s	100	1	3021
r	285	732	10	10	0	0	60s	100	1	3021
r	286	734	10	10	0	0	60s	100	1	3021
r	277	742	10	10	0	0	60s	100	1	3021
r	310	746	10	10	0	0	60s	100	1	3021
r	291	748	10	10	0	0	60s	100	1	3021
r	267	755	10	10	0	0	60s	100	1	3021
r	257	761	10	10	0	0	60s	100	1	3021
r	281	764	10	10	0	0	60s	100	1	3021
r	265	779	10	10	0	0	60s	100	1	3021
r	354	791	10	10	0	0	60s	100	1	3021
r	349	792	10	10	0	0	60s	100	1	3021
r	324	798	10	10	0	0	60s	100	1	3021
r	337	799	10	10	0	0	60s	100	1	3021
r	360	800	10	10	0	0	60s	100	1	3021
r	274	802	10	10	0	0	60s	100	1	3021
r	325	803	10	10	0	0	60s	100	1	3021
r	255	815	10	10	0	0	60s	100	1	3021
r	302	817	10	10	0	0	60s	100	1	3021
r	260	819	10	10	0	0	60s	100	1	3021
r	291	819	10	10	0	0	60s	100	1	3021
r	356	820	10	10	0	0	60s	100	1	3021
r	268	821	10	10	0	0	60s	100	1	3021
r	356	823	10	10	0	0	60s	100	1	3021
r	375	823	10	10	0	0	60s	100	1	3021
r	267	826	10	10	0	0	60s	100	1	3021
r	334	826	10	10	0	0	60s	100	1	3021
r	290	833	10	10	0	0	60s	100	1	3021
r	333	835	10	10	0	0	60s	100	1	3021
r	360	835	10	10	0	0	60s	100	1	3021
r	329	849	10	10	0	0	60s	100	1	3021
r	329	1022	10	10	0	0	60s	100	1	3021
r	315	1033	10	10	0	0	60s	100	1	3021
r	410	1034	10	10	0	0	60s	100	1	3021
r	430	1037	10	10	0	0	60s	100	1	3021
r	361	1043	10	10	0	0	60s	100	1	3021
r	395	1046	10	10	0	0	60s	100	1	3021
r	323	1049	10	10	0	0	60s	100	1	3021
r	399	1057	10	10	0	0	60s	100	1	3021
r	358	1058	10	10	0	0	60s	100	1	3021
r	388	1058	10	10	0	0	60s	100	1	3021
r	394	1063	10	10	0	0	60s	100	1	3021
r	372	1065	10	10	0	0	60s	100	1	3021
r	323	1074	10	10	0	0	60s	100	1	3021
r	416	1076	10	10	0	0	60s	100	1	3021
r	429	1081	10	10	0	0	60s	100	1	3021
r	393	1090	10	10	0	0	60s	100	1	3021
r	343	1092	10	10	0	0	60s	100	1	3021
r	344	1109	10	10	0	0	60s	100	1	3021
r	339	1113	10	10	0	0	60s	100	1	3021
r	317	1114	10	10	0	0	60s	100	1	3021
r	350	1115	10	10	0	0	60s	100	1	3021
r	334	1122	10	10	0	0	60s	100	1	3021
r	318	1142	10	10	0	0	60s	100	1	3021
r	352	1145	10	10	0	0	60s	100	1	3021
r	345	1146	10	10	0	0	60s	100	1	3021
r	306	1150	10	10	0	0	60s	100	1	3021
r	341	1163	10	10	0	0	60s	100	1	3021
r	377	1168	10	10	0	0	60s	100	1	3021
r	367	1170	10	10	0	0	60s	100	1	3021
r	321	1176	10	10	0	0	60s	100	1	3021
r	371	1189	10	10	0	0	60s	100	1	3021
r	368	1193	10	10	0	0	60s	100	1	3021
r	370	1194	10	10	0	0	60s	100	1	3021
r	354	1207	10	10	0	0	60s	100	1	3021
r	368	1236	10	10	0	0	60s	100	1	3021
r	334	1241	10	10	0	0	60s	100	1	3021
r	355	1278	10	10	0	0	60s	100	1	3021
r	346	1286	10	10	0	0	60s	100	1	3021
r	327	1290	10	10	0	0	60s	100	1	3021
r	339	1294	10	10	0	0	60s	100	1	3021
r	338	1304	10	10	0	0	60s	100	1	3021
r	350	1316	10	10	0	0	60s	100	1	3021
r	363	1329	10	10	0	0	60s	100	1	3021
r	341	1336	10	10	0	0	60s	100	1	3021
r	347	1336	10	10	0	0	60s	100	1	3021
r	355	1336	10	10	0	0	60s	100	1	3021
r	360	1336	10	10	0	0	60s	100	1	3021
r	359	1340	10	10	0	0	60s	100	1	3021
r	375	1344	10	10	0	0	60s	100	1	3021
r	333	1345	10	10	0	0	60s	100	1	3021
r	347	1347	10	10	0	0	60s	100	1	3021
r	369	1350	10	10	0	0	60s	100	1	3021
r	352	1355	10	10	0	0	60s	100	1	3021
r	336	1369	10	10	0	0	60s	100	1	3021
r	348	1370	10	10	0	0	60s	100	1	3021
r	324	1382	10	10	0	0	60s	100	1	3021
r	311	1408	10	10	0	0	60s	100	1	3021
r	316	1421	10	10	0	0	60s	100	1	3021
r	234	201	10	10	0	0	60s	100	1	3025
r	329	270	10	10	0	0	60s	100	1	3025
r	420	277	10	10	0	0	60s	100	1	3025
r	379	282	10	10	0	0	60s	100	1	3025
r	413	282	10	10	0	0	60s	100	1	3025
r	378	290	10	10	0	0	60s	100	1	3025
r	337	292	10	10	0	0	60s	100	1	3025
r	326	293	10	10	0	0	60s	100	1	3025
r	313	294	10	10	0	0	60s	100	1	3025
r	412	295	10	10	0	0	60s	100	1	3025
r	428	299	10	10	0	0	60s	100	1	3025
r	336	305	10	10	0	0	60s	100	1	3025
r	317	310	10	10	0	0	60s	100	1	3025
r	323	312	10	10	0	0	60s	100	1	3025
r	367	319	10	10	0	0	60s	100	1	3025
r	364	322	10	10	0	0	60s	100	1	3025
r	361	326	10	10	0	0	60s	100	1	3025
r	276	327	10	10	0	0	60s	100	1	3025
r	337	336	10	10	0	0	60s	100	1	3025
r	215	339	10	10	0	0	60s	100	1	3025
r	267	339	10	10	0	0	60s	100	1	3025
r	277	343	10	10	0	0	60s	100	1	3025
r	258	348	10	10	0	0	60s	100	1	3025
r	306	362	10	10	0	0	60s	100	1	3025
r	328	371	10	10	0	0	60s	100	1	3025
r	275	387	10	10	0	0	60s	100	1	3025
r	236	400	10	10	0	0	60s	100	1	3025
r	265	407	10	10	0	0	60s	100	1	3025
r	244	415	10	10	0	0	60s	100	1	3025
r	288	416	10	10	0	0	60s	100	1	3025
r	215	423	10	10	0	0	60s	100	1	3025
r	278	429	10	10	0	0	60s	100	1	3025
r	260	430	10	10	0	0	60s	100	1	3025
r	265	432	10	10	0	0	60s	100	1	3025
r	267	442	10	10	0	0	60s	100	1	3025
r	203	443	10	10	0	0	60s	100	1	3025
r	224	443	10	10	0	0	60s	100	1	3025
r	259	446	10	10	0	0	60s	100	1	3025
r	208	449	10	10	0	0	60s	100	1	3025
r	225	454	10	10	0	0	60s	100	1	3025
r	260	461	10	10	0	0	60s	100	1	3025
r	221	464	10	10	0	0	60s	100	1	3025
r	239	464	10	10	0	0	60s	100	1	3025
r	233	469	10	10	0	0	60s	100	1	3025
r	236	469	10	10	0	0	60s	100	1	3025
r	234	479	10	10	0	0	60s	100	1	3025
r	264	480	10	10	0	0	60s	100	1	3025
r	270	481	10	10	0	0	60s	100	1	3025
r	223	482	10	10	0	0	60s	100	1	3025
r	229	482	10	10	0	0	60s	100	1	3025
r	201	498	10	10	0	0	60s	100	1	3025
r	199	499	10	10	0	0	60s	100	1	3025
r	256	502	10	10	0	0	60s	100	1	3025
r	196	509	10	10	0	0	60s	100	1	3025
r	209	511	10	10	0	0	60s	100	1	3025
r	217	512	10	10	0	0	60s	100	1	3025
r	208	514	10	10	0	0	60s	100	1	3025
r	207	534	10	10	0	0	60s	100	1	3025
r	265	540	10	10	0	0	60s	100	1	3025
r	241	541	10	10	0	0	60s	100	1	3025
r	200	542	10	10	0	0	60s	100	1	3025
r	253	557	10	10	0	0	60s	100	1	3025
r	271	559	10	10	0	0	60s	100	1	3025
r	268	563	10	10	0	0	60s	100	1	3025
r	181	566	10	10	0	0	60s	100	1	3025
r	195	566	10	10	0	0	60s	100	1	3025
r	269	567	10	10	0	0	60s	100	1	3025
r	225	574	10	10	0	0	60s	100	1	3025
r	193	576	10	10	0	0	60s	100	1	3025
r	213	585	10	10	0	0	60s	100	1	3025
r	243	589	10	10	0	0	60s	100	1	3025
r	223	594	10	10	0	0	60s	100	1	3025
r	274	600	10	10	0	0	60s	100	1	3025
r	240	603	10	10	0	0	60s	100	1	3025
r	198	604	10	10	0	0	60s	100	1	3025
r	278	604	10	10	0	0	60s	100	1	3025
r	240	616	10	10	0	0	60s	100	1	3025
r	289	622	10	10	0	0	60s	100	1	3025
r	253	624	10	10	0	0	60s	100	1	3025
r	157	642	10	10	0	0	60s	100	1	3025
r	827	750	10	10	0	0	60s	100	1	3025
r	833	750	10	10	0	0	60s	100	1	3025
r	905	754	10	10	0	0	60s	100	1	3025
r	859	760	10	10	0	0	60s	100	1	3025
r	847	761	10	10	0	0	60s	100	1	3025
r	925	768	10	10	0	0	60s	100	1	3025
r	850	770	10	10	0	0	60s	100	1	3025
r	829	775	10	10	0	0	60s	100	1	3025
r	919	779	10	10	0	0	60s	100	1	3025
r	822	782	10	10	0	0	60s	100	1	3025
r	912	784	10	10	0	0	60s	100	1	3025
r	817	791	10	10	0	0	60s	100	1	3025
r	890	795	10	10	0	0	60s	100	1	3025
r	842	810	10	10	0	0	60s	100	1	3025
r	869	817	10	10	0	0	60s	100	1	3025
r	849	826	10	10	0	0	60s	100	1	3025
r	869	831	10	10	0	0	60s	100	1	3025
r	903	834	10	10	0	0	60s	100	1	3025
r	908	834	10	10	0	0	60s	100	1	3025
r	864	844	10	10	0	0	60s	100	1	3025
r	841	849	10	10	0	0	60s	100	1	3025
r	804	854	10	10	0	0	60s	100	1	3025
r	864	861	10	10	0	0	60s	100	1	3025
r	823	864	10	10	0	0	60s	100	1	3025
r	835	875	10	10	0	0	60s	100	1	3025
r	845	880	10	10	0	0	60s	100	1	3025
r	823	882	10	10	0	0	60s	100	1	3025
r	845	888	10	10	0	0	60s	100	1	3025
r	800	889	10	10	0	0	60s	100	1	3025
r	779	897	10	10	0	0	60s	100	1	3025
r	801	903	10	10	0	0	60s	100	1	3025
r	766	904	10	10	0	0	60s	100	1	3025
r	801	904	10	10	0	0	60s	100	1	3025
r	751	915	10	10	0	0	60s	100	1	3025
r	786	915	10	10	0	0	60s	100	1	3025
r	817	918	10	10	0	0	60s	100	1	3025
r	771	922	10	10	0	0	60s	100	1	3025
r	746	923	10	10	0	0	60s	100	1	3025
r	766	933	10	10	0	0	60s	100	1	3025
r	809	936	10	10	0	0	60s	100	1	3025
r	868	936	10	10	0	0	60s	100	1	3025
r	789	940	10	10	0	0	60s	100	1	3025
r	743	942	10	10	0	0	60s	100	1	3025
r	854	947	10	10	0	0	60s	100	1	3025
r	895	947	10	10	0	0	60s	100	1	3025
r	722	948	10	10	0	0	60s	100	1	3025
r	868	959	10	10	0	0	60s	100	1	3025
r	726	961	10	10	0	0	60s	100	1	3025
r	732	970	10	10	0	0	60s	100	1	3025
r	865	979	10	10	0	0	60s	100	1	3025
r	784	988	10	10	0	0	60s	100	1	3025
r	790	1005	10	10	0	0	60s	100	1	3025
r	809	1005	10	10	0	0	60s	100	1	3025
r	781	1010	10	10	0	0	60s	100	1	3025
r	837	1012	10	10	0	0	60s	100	1	3025
r	805	1014	10	10	0	0	60s	100	1	3025
r	768	1020	10	10	0	0	60s	100	1	3025
r	804	1020	10	10	0	0	60s	100	1	3025
r	774	1024	10	10	0	0	60s	100	1	3025
r	784	1030	10	10	0	0	60s	100	1	3025
r	800	1036	10	10	0	0	60s	100	1	3025
r	790	1038	10	10	0	0	60s	100	1	3025
r	803	1042	10	10	0	0	60s	100	1	3025
r	803	1047	10	10	0	0	60s	100	1	3025
r	774	1057	10	10	0	0	60s	100	1	3025
r	799	1076	10	10	0	0	60s	100	1	3025
r	811	1076	10	10	0	0	60s	100	1	3025
r	794	1080	10	10	0	0	60s	100	1	3025
r	806	1087	10	10	0	0	60s	100	1	3025
r	783	1102	10	10	0	0	60s	100	1	3025
r	818	1103	10	10	0	0	60s	100	1	3025
r	817	1107	10	10	0	0	60s	100	1	3025
r	798	1115	10	10	0	0	60s	100	1	3025
r	789	1134	10	10	0	0	60s	100	1	3025
r	833	1139	10	10	0	0	60s	100	1	3025
r	793	1145	10	10	0	0	60s	100	1	3025
r	813	1151	10	10	0	0	60s	100	1	3025
r	845	1154	10	10	0	0	60s	100	1	3025
r	783	1174	10	10	0	0	60s	100	1	3025
r	799	1186	10	10	0	0	60s	100	1	3025
r	814	1186	10	10	0	0	60s	100	1	3025
r	802	1189	10	10	0	0	60s	100	1	3025
r	794	1191	10	10	0	0	60s	100	1	3025
r	853	1210	10	10	0	0	60s	100	1	3025
r	817	1216	10	10	0	0	60s	100	1	3025
r	832	1219	10	10	0	0	60s	100	1	3025
r	852	1239	10	10	0	0	60s	100	1	3025
r	876	1239	10	10	0	0	60s	100	1	3025
r	833	1246	10	10	0	0	60s	100	1	3025
r	839	1263	10	10	0	0	60s	100	1	3025
r	819	1266	10	10	0	0	60s	100	1	3025
r	796	1278	10	10	0	0	60s	100	1	3025
r	805	1279	10	10	0	0	60s	100	1	3025
r	803	1282	10	10	0	0	60s	100	1	3025
r	877	1282	10	10	0	0	60s	100	1	3025
r	581	1285	10	10	0	0	60s	100	1	3025
r	837	1288	10	10	0	0	60s	100	1	3025
r	794	1289	10	10	0	0	60s	100	1	3025
r	794	1291	10	10	0	0	60s	100	1	3025
r	878	1291	10	10	0	0	60s	100	1	3025
r	874	1295	10	10	0	0	60s	100	1	3025
r	905	1307	10	10	0	0	60s	100	1	3025
r	864	1320	10	10	0	0	60s	100	1	3025
r	884	1320	10	10	0	0	60s	100	1	3025
r	890	1345	10	10	0	0	60s	100	1	3025
r	865	1348	10	10	0	0	60s	100	1	3025
r	849	1351	10	10	0	0	60s	100	1	3025
r	882	1356	10	10	0	0	60s	100	1	3025
r	890	1359	10	10	0	0	60s	100	1	3025
r	899	1365	10	10	0	0	60s	100	1	3025
r	921	1374	10	10	0	0	60s	100	1	3025
r	820	1392	10	10	0	0	60s	100	1	3025
r	843	1394	10	10	0	0	60s	100	1	3025
r	908	1401	10	10	0	0	60s	100	1	3025
r	892	1409	10	10	0	0	60s	100	1	3025
r	832	1411	10	10	0	0	60s	100	1	3025
r	838	1418	10	10	0	0	60s	100	1	3025
r	817	1421	10	10	0	0	60s	100	1	3025
r	768	1422	10	10	0	0	60s	100	1	3025
r	764	1423	10	10	0	0	60s	100	1	3025
r	837	1424	10	10	0	0	60s	100	1	3025
r	692	1426	10	10	0	0	60s	100	1	3025
r	908	1429	10	10	0	0	60s	100	1	3025
r	829	1431	10	10	0	0	60s	100	1	3025
r	874	1434	10	10	0	0	60s	100	1	3025
r	794	1435	10	10	0	0	60s	100	1	3025
r	827	1437	10	10	0	0	60s	100	1	3025
r	831	1437	10	10	0	0	60s	100	1	3025
r	877	1437	10	10	0	0	60s	100	1	3025
r	755	1438	10	10	0	0	60s	100	1	3025
r	775	1441	10	10	0	0	60s	100	1	3025
r	783	1444	10	10	0	0	60s	100	1	3025

g	376	1094	20	20	0	0	1800s	100	1	3068
g	346	841	20	20	0	0	1800s	100	1	3069
g	113	109	20	20	0	0	1800s	100	1	3088
g	611	1139	20	20	0	0	1800s	100	1	3089
g	533	801	20	20	0	0	1800s	100	1	3018
g	910	88	20	20	0	0	1800s	100	1	3019
