m	842	568	10	10	0	0	60s	100	1	2514
m	858	569	10	10	0	0	60s	100	1	2514
m	833	579	10	10	0	0	60s	100	1	2514
m	997	631	10	10	0	0	60s	100	1	2514
m	705	642	10	10	0	0	60s	100	1	2514
m	694	653	10	10	0	0	60s	100	1	2514
m	692	655	10	10	0	0	60s	100	1	2514
m	897	733	10	10	0	0	60s	100	1	2514
m	800	740	10	10	0	0	60s	100	1	2514
m	812	770	10	10	0	0	60s	100	1	2514
m	819	771	10	10	0	0	60s	100	1	2514
m	838	789	10	10	0	0	60s	100	1	2514
m	679	810	10	10	0	0	60s	100	1	2514
m	674	812	10	10	0	0	60s	100	1	2514
m	678	816	10	10	0	0	60s	100	1	2514
m	677	820	10	10	0	0	60s	100	1	2514
m	681	824	10	10	0	0	60s	100	1	2514
m	673	829	10	10	0	0	60s	100	1	2514
m	830	585	10	10	0	0	60s	100	1	2514
m	841	587	10	10	0	0	60s	100	1	2514
m	856	587	10	10	0	0	60s	100	1	2514
m	835	597	10	10	0	0	60s	100	1	2514
m	861	598	10	10	0	0	60s	100	1	2514
m	831	599	10	10	0	0	60s	100	1	2514
m	849	602	10	10	0	0	60s	100	1	2514
m	854	602	10	10	0	0	60s	100	1	2514
m	873	602	10	10	0	0	60s	100	1	2514
m	867	603	10	10	0	0	60s	100	1	2514
m	878	603	10	10	0	0	60s	100	1	2514
m	868	604	10	10	0	0	60s	100	1	2514
m	723	639	10	10	0	0	60s	100	1	2514
m	706	645	10	10	0	0	60s	100	1	2514
m	706	646	10	10	0	0	60s	100	1	2514
m	731	648	10	10	0	0	60s	100	1	2514
m	981	652	10	10	0	0	60s	100	1	2514
m	698	661	10	10	0	0	60s	100	1	2514
m	987	669	10	10	0	0	60s	100	1	2514
m	853	676	10	10	0	0	60s	100	1	2514
m	852	682	10	10	0	0	60s	100	1	2514
m	996	690	10	10	0	0	60s	100	1	2514
m	815	702	10	10	0	0	60s	100	1	2514
m	878	703	10	10	0	0	60s	100	1	2514
m	883	709	10	10	0	0	60s	100	1	2514
m	815	712	10	10	0	0	60s	100	1	2514
m	893	715	10	10	0	0	60s	100	1	2514
m	699	785	10	10	0	0	60s	100	1	2514
m	699	789	10	10	0	0	60s	100	1	2514
m	696	792	10	10	0	0	60s	100	1	2514
m	694	811	10	10	0	0	60s	100	1	2514
m	998	815	10	10	0	0	60s	100	1	2514
m	697	823	10	10	0	0	60s	100	1	2514
m	712	829	10	10	0	0	60s	100	1	2514
m	700	833	10	10	0	0	60s	100	1	2514
m	977	843	10	10	0	0	60s	100	1	2514
m	984	844	10	10	0	0	60s	100	1	2514
m	997	846	10	10	0	0	60s	100	1	2514
m	996	849	10	10	0	0	60s	100	1	2514
m	988	850	10	10	0	0	60s	100	1	2514
m	971	855	10	10	0	0	60s	100	1	2514
m	981	857	10	10	0	0	60s	100	1	2514
m	966	861	10	10	0	0	60s	100	1	2514
m	793	797	10	10	0	0	60s	100	1	2513
m	797	797	10	10	0	0	60s	100	1	2513
m	904	799	10	10	0	0	60s	100	1	2513
m	913	801	10	10	0	0	60s	100	1	2513
m	811	803	10	10	0	0	60s	100	1	2513
m	835	810	10	10	0	0	60s	100	1	2513
m	866	812	10	10	0	0	60s	100	1	2513
m	875	815	10	10	0	0	60s	100	1	2513
m	847	818	10	10	0	0	60s	100	1	2513
m	853	819	10	10	0	0	60s	100	1	2513
m	844	820	10	10	0	0	60s	100	1	2513
m	855	829	10	10	0	0	60s	100	1	2513
m	842	843	10	10	0	0	60s	100	1	2513
m	805	656	10	10	0	0	60s	100	1	2512
m	892	661	10	10	0	0	60s	100	1	2512
m	895	662	10	10	0	0	60s	100	1	2512
m	800	665	10	10	0	0	60s	100	1	2512
m	909	665	10	10	0	0	60s	100	1	2512
m	797	673	10	10	0	0	60s	100	1	2512
m	913	676	10	10	0	0	60s	100	1	2512
m	916	676	10	10	0	0	60s	100	1	2512
m	766	682	10	10	0	0	60s	100	1	2512
m	917	683	10	10	0	0	60s	100	1	2512
m	912	684	10	10	0	0	60s	100	1	2512
m	769	686	10	10	0	0	60s	100	1	2512
m	934	691	10	10	0	0	60s	100	1	2512
m	935	695	10	10	0	0	60s	100	1	2512
m	766	696	10	10	0	0	60s	100	1	2512
m	762	713	10	10	0	0	60s	100	1	2512
m	937	733	10	10	0	0	60s	100	1	2512
m	764	748	10	10	0	0	60s	100	1	2512
m	933	760	10	10	0	0	60s	100	1	2512
m	774	761	10	10	0	0	60s	100	1	2512
m	770	772	10	10	0	0	60s	100	1	2512
m	918	778	10	10	0	0	60s	100	1	2512
m	933	779	10	10	0	0	60s	100	1	2512
m	771	782	10	10	0	0	60s	100	1	2512
m	916	785	10	10	0	0	60s	100	1	2512
m	923	790	10	10	0	0	60s	100	1	2512
m	929	792	10	10	0	0	60s	100	1	2512
m	842	606	10	10	0	0	60s	100	1	2514
m	863	609	10	10	0	0	60s	100	1	2514
m	865	610	10	10	0	0	60s	100	1	2514
m	852	620	10	10	0	0	60s	100	1	2514
m	749	648	10	10	0	0	60s	100	1	2514
m	855	651	10	10	0	0	60s	100	1	2514
m	827	652	10	10	0	0	60s	100	1	2514
m	738	656	10	10	0	0	60s	100	1	2514
m	874	656	10	10	0	0	60s	100	1	2514
m	818	657	10	10	0	0	60s	100	1	2514
m	738	658	10	10	0	0	60s	100	1	2514
m	749	659	10	10	0	0	60s	100	1	2514
m	858	660	10	10	0	0	60s	100	1	2514
m	728	667	10	10	0	0	60s	100	1	2514
m	744	669	10	10	0	0	60s	100	1	2514
m	977	670	10	10	0	0	60s	100	1	2514
m	960	672	10	10	0	0	60s	100	1	2514
m	973	672	10	10	0	0	60s	100	1	2514
m	732	674	10	10	0	0	60s	100	1	2514
m	752	677	10	10	0	0	60s	100	1	2514
m	950	687	10	10	0	0	60s	100	1	2514
m	991	694	10	10	0	0	60s	100	1	2514
m	709	784	10	10	0	0	60s	100	1	2514
m	713	787	10	10	0	0	60s	100	1	2514
m	711	789	10	10	0	0	60s	100	1	2514
m	943	792	10	10	0	0	60s	100	1	2514
m	737	798	10	10	0	0	60s	100	1	2514
m	737	800	10	10	0	0	60s	100	1	2514
m	987	805	10	10	0	0	60s	100	1	2514
m	947	806	10	10	0	0	60s	100	1	2514
m	723	811	10	10	0	0	60s	100	1	2514
m	968	811	10	10	0	0	60s	100	1	2514
m	978	811	10	10	0	0	60s	100	1	2514
m	719	815	10	10	0	0	60s	100	1	2514
m	720	818	10	10	0	0	60s	100	1	2514
m	724	820	10	10	0	0	60s	100	1	2514
m	725	828	10	10	0	0	60s	100	1	2514
m	976	829	10	10	0	0	60s	100	1	2514
m	956	837	10	10	0	0	60s	100	1	2514
m	971	842	10	10	0	0	60s	100	1	2514
m	951	852	10	10	0	0	60s	100	1	2514
m	1015	636	10	10	0	0	60s	100	1	2514
m	1026	644	10	10	0	0	60s	100	1	2514
m	1009	651	10	10	0	0	60s	100	1	2514
m	1028	652	10	10	0	0	60s	100	1	2514
m	1024	653	10	10	0	0	60s	100	1	2514
m	1011	841	10	10	0	0	60s	100	1	2514
m	1005	692	10	10	0	0	60s	100	1	2514
m	1011	673	10	10	0	0	60s	100	1	2514
m	1003	843	10	10	0	0	60s	100	1	2514
