m	274	168	1	1	0	0	2m	100	1	4961
m	275	182	1	1	0	0	2m	100	1	4961
m	268	187	1	1	0	0	2m	100	1	4961
m	256	196	1	1	0	0	2m	100	1	4961
m	246	200	1	1	0	0	2m	100	1	4961
m	245	211	1	1	0	0	2m	100	1	4961
m	254	224	1	1	0	0	2m	100	1	4961
m	262	233	1	1	0	0	2m	100	1	4961
m	280	234	1	1	0	0	2m	100	1	4961
m	291	226	1	1	0	0	2m	100	1	4961
m	297	215	1	1	0	0	2m	100	1	4961
m	286	206	1	1	0	0	2m	100	1	4961
m	294	196	1	1	0	0	2m	100	1	4961
m	294	188	1	1	0	0	2m	100	1	4961
m	297	170	1	1	0	0	2m	100	1	4961
m	307	172	1	1	0	0	2m	100	1	4961
m	256	165	1	1	0	0	2m	100	1	4961
m	240	166	1	1	0	0	2m	100	1	4961
m	234	176	1	1	0	0	2m	100	1	4961
m	231	242	1	1	0	0	2m	100	1	4961
m	241	250	1	1	0	0	2m	100	1	4961
m	248	258	1	1	0	0	2m	100	1	4961
m	266	264	1	1	0	0	2m	100	1	4961
m	292	258	1	1	0	0	2m	100	1	4961
m	310	250	1	1	0	0	2m	100	1	4961
m	322	223	1	1	0	0	2m	100	1	4961
m	322	207	1	1	0	0	2m	100	1	4961
m	319	189	1	1	0	0	2m	100	1	4961
m	218	212	1	1	0	0	2m	100	1	4961
m	222	196	1	1	0	0	2m	100	1	4961
m	220	221	1	1	0	0	2m	100	1	4961
m	280	192	1	1	0	0	2m	100	1	4962
m	291	202	1	1	0	0	2m	100	1	4962
m	290	215	1	1	0	0	2m	100	1	4962
m	296	221	1	1	0	0	2m	100	1	4962
m	283	240	1	1	0	0	2m	100	1	4962
m	266	245	1	1	0	0	2m	100	1	4962
m	250	236	1	1	0	0	2m	100	1	4962
m	239	226	1	1	0	0	2m	100	1	4962
m	236	204	1	1	0	0	2m	100	1	4962
m	246	188	1	1	0	0	2m	100	1	4962
m	258	182	1	1	0	0	2m	100	1	4962
m	268	199	1	1	0	0	2m	100	1	4962
m	258	205	1	1	0	0	2m	100	1	4962
m	266	223	1	1	0	0	2m	100	1	4962
m	280	221	1	1	0	0	2m	100	1	4962
m	278	202	1	1	0	0	2m	100	1	4962
m	244	170	1	1	0	0	2m	100	1	4962
m	250	161	1	1	0	0	2m	100	1	4962
m	279	162	1	1	0	0	2m	100	1	4962
m	291	162	1	1	0	0	2m	100	1	4962
m	307	166	1	1	0	0	2m	100	1	4962
m	300	250	1	1	0	0	2m	100	1	4962
m	299	258	1	1	0	0	2m	100	1	4962
m	280	264	1	1	0	0	2m	100	1	4962
m	258	260	1	1	0	0	2m	100	1	4962
m	236	257	1	1	0	0	2m	100	1	4962
m	224	242	1	1	0	0	2m	100	1	4962
m	226	184	1	1	0	0	2m	100	1	4962
m	247	189	1	1	0	0	2m	100	1	8071
m	239	198	1	1	0	0	2m	100	1	8072
m	239	211	1	1	0	0	2m	100	1	8071
m	239	223	1	1	0	0	2m	100	1	8072
m	247	233	1	1	0	0	2m	100	1	8071
m	292	233	1	1	0	0	2m	100	1	8072
m	300	223	1	1	0	0	2m	100	1	8071
m	300	211	1	1	0	0	2m	100	1	8072
m	300	198	1	1	0	0	2m	100	1	8071
m	292	188	1	1	0	0	2m	100	1	8072
m	782	177	1	1	0	0	2m	100	1	4963
m	787	188	1	1	0	0	2m	100	1	4963
m	773	194	1	1	0	0	2m	100	1	4963
m	762	203	1	1	0	0	2m	100	1	4963
m	757	209	1	1	0	0	2m	100	1	4963
m	756	218	1	1	0	0	2m	100	1	4963
m	755	226	1	1	0	0	2m	100	1	4963
m	760	235	1	1	0	0	2m	100	1	4963
m	778	241	1	1	0	0	2m	100	1	4963
m	796	244	1	1	0	0	2m	100	1	4963
m	808	226	1	1	0	0	2m	100	1	4963
m	808	208	1	1	0	0	2m	100	1	4963
m	796	201	1	1	0	0	2m	100	1	4963
m	793	218	1	1	0	0	2m	100	1	4963
m	778	235	1	1	0	0	2m	100	1	4963
m	778	204	1	1	0	0	2m	100	1	4963
m	804	178	1	1	0	0	2m	100	1	4963
m	818	182	1	1	0	0	2m	100	1	4963
m	826	194	1	1	0	0	2m	100	1	4963
m	832	207	1	1	0	0	2m	100	1	4963
m	832	216	1	1	0	0	2m	100	1	4963
m	832	230	1	1	0	0	2m	100	1	4963
m	828	244	1	1	0	0	2m	100	1	4963
m	822	252	1	1	0	0	2m	100	1	4963
m	814	263	1	1	0	0	2m	100	1	4963
m	802	269	1	1	0	0	2m	100	1	4963
m	788	274	1	1	0	0	2m	100	1	4963
m	761	268	1	1	0	0	2m	100	1	4963
m	744	258	1	1	0	0	2m	100	1	4963
m	738	240	1	1	0	0	2m	100	1	4963
m	721	221	1	1	0	0	2m	100	1	4963
m	730	207	1	1	0	0	2m	100	1	4963
m	736	192	1	1	0	0	2m	100	1	4963
m	745	183	1	1	0	0	2m	100	1	4963
m	758	171	1	1	0	0	2m	100	1	4963
m	766	221	1	1	0	0	2m	100	1	4964
m	786	232	1	1	0	0	2m	100	1	4964
m	785	246	1	1	0	0	2m	100	1	4964
m	778	265	1	1	0	0	2m	100	1	4964
m	754	265	1	1	0	0	2m	100	1	4964
m	732	251	1	1	0	0	2m	100	1	4964
m	728	225	1	1	0	0	2m	100	1	4964
m	726	196	1	1	0	0	2m	100	1	4964
m	741	178	1	1	0	0	2m	100	1	4964
m	768	171	1	1	0	0	2m	100	1	4964
m	783	168	1	1	0	0	2m	100	1	4964
m	802	170	1	1	0	0	2m	100	1	4964
m	818	174	1	1	0	0	2m	100	1	4964
m	770	242	1	1	0	0	2m	100	1	4964
m	780	255	1	1	0	0	2m	100	1	4964
m	768	274	1	1	0	0	2m	100	1	4964
m	805	262	1	1	0	0	2m	100	1	4964
m	818	256	1	1	0	0	2m	100	1	4964
m	830	200	1	1	0	0	2m	100	1	4964
m	826	188	1	1	0	0	2m	100	1	4964
m	799	209	1	1	0	0	2m	100	1	4964
m	784	198	1	1	0	0	2m	100	1	4964
m	766	211	1	1	0	0	2m	100	1	4964
m	750	216	1	1	0	0	2m	100	1	4964
m	750	233	1	1	0	0	2m	100	1	4964
m	798	233	1	1	0	0	2m	100	1	4964
m	797	220	1	1	0	0	2m	100	1	4964
m	808	238	1	1	0	0	2m	100	1	4964
m	756	196	1	1	0	0	2m	100	1	4964
m	772	186	1	1	0	0	2m	100	1	4964
m	757	182	1	1	0	0	2m	100	1	4964
m	748	174	1	1	0	0	2m	100	1	4964
m	724	212	1	1	0	0	2m	100	1	4964
m	730	236	1	1	0	0	2m	100	1	4964
m	777	274	1	1	0	0	2m	100	1	4964
m	780	250	1	1	0	0	2m	100	1	4965
m	210	762	1	1	0	0	2m	100	1	4967
m	212	772	1	1	0	0	2m	100	1	4967
m	216	780	1	1	0	0	2m	100	1	4967
m	225	792	1	1	0	0	2m	100	1	4968
m	221	810	1	1	0	0	2m	100	1	4967
m	224	824	1	1	0	0	2m	100	1	4968
m	212	838	1	1	0	0	2m	100	1	4967
m	194	830	1	1	0	0	2m	100	1	4967
m	182	812	1	1	0	0	2m	100	1	4968
m	187	797	1	1	0	0	2m	100	1	4968
m	202	790	1	1	0	0	2m	100	1	4967
m	192	768	1	1	0	0	2m	100	1	4968
m	174	781	1	1	0	0	2m	100	1	4967
m	164	792	1	1	0	0	2m	100	1	4968
m	157	806	1	1	0	0	2m	100	1	4967
m	155	820	1	1	0	0	2m	100	1	4968
m	171	846	1	1	0	0	2m	100	1	4967
m	183	853	1	1	0	0	2m	100	1	4968
m	199	858	1	1	0	0	2m	100	1	4967
m	219	854	1	1	0	0	2m	100	1	4968
m	237	848	1	1	0	0	2m	100	1	4967
m	254	842	1	1	0	0	2m	100	1	4968
m	258	824	1	1	0	0	2m	100	1	4967
m	262	807	1	1	0	0	2m	100	1	4968
m	260	796	1	1	0	0	2m	100	1	4968
m	251	782	1	1	0	0	2m	100	1	4968
m	242	771	1	1	0	0	2m	100	1	4967
m	222	761	1	1	0	0	2m	100	1	4967
m	193	806	1	1	0	0	2m	100	1	4967
m	186	820	1	1	0	0	2m	100	1	4968
m	207	830	1	1	0	0	2m	100	1	4968
m	223	833	1	1	0	0	2m	100	1	4967
m	234	820	1	1	0	0	2m	100	1	4967
m	218	804	1	1	0	0	2m	100	1	4967
m	210	789	1	1	0	0	2m	100	1	4968
m	202	780	1	1	0	0	2m	100	1	4967
m	202	764	1	1	0	0	2m	100	1	4968
m	178	770	1	1	0	0	2m	100	1	4967
m	166	782	1	1	0	0	2m	100	1	4968
m	155	793	1	1	0	0	2m	100	1	4967
m	152	815	1	1	0	0	2m	100	1	4968
m	160	832	1	1	0	0	2m	100	1	4967
m	175	852	1	1	0	0	2m	100	1	4967
m	190	860	1	1	0	0	2m	100	1	4968
m	206	862	1	1	0	0	2m	100	1	4968
m	222	858	1	1	0	0	2m	100	1	4967
m	238	854	1	1	0	0	2m	100	1	4967
m	246	834	1	1	0	0	2m	100	1	4968
m	260	814	1	1	0	0	2m	100	1	4967
m	254	785	1	1	0	0	2m	100	1	4968
m	248	774	1	1	0	0	2m	100	1	4967
m	238	765	1	1	0	0	2m	100	1	4968
m	206	799	1	1	0	0	2m	100	1	4967
m	198	812	1	1	0	0	2m	100	1	4968
m	202	824	1	1	0	0	2m	100	1	4968
m	200	840	1	1	0	0	2m	100	1	4968
m	184	833	1	1	0	0	2m	100	1	4967
m	184	830	1	1	0	0	2m	100	1	4968
m	234	802	1	1	0	0	2m	100	1	4968
m	232	792	1	1	0	0	2m	100	1	4967
m	194	791	1	1	0	0	2m	100	1	4967
m	184	765	1	1	0	0	2m	100	1	4964
m	198	800	1	1	0	0	2m	100	1	4964
m	208	828	1	1	0	0	2m	100	1	235
m	538	553	1	1	0	0	2m	100	1	4961
m	547	563	1	1	0	0	2m	100	1	4961
m	548	579	1	1	0	0	2m	100	1	4961
m	553	593	1	1	0	0	2m	100	1	4961
m	570	596	1	1	0	0	2m	100	1	4961
m	588	582	1	1	0	0	2m	100	1	4961
m	579	554	1	1	0	0	2m	100	1	4961
m	566	552	1	1	0	0	2m	100	1	4961
m	568	567	1	1	0	0	2m	100	1	4961
m	616	577	1	1	0	0	2m	100	1	4961
m	500	574	1	1	0	0	2m	100	1	4962
m	516	560	1	1	0	0	2m	100	1	4962
m	524	574	1	1	0	0	2m	100	1	4962
m	550	602	1	1	0	0	2m	100	1	4962
m	567	612	1	1	0	0	2m	100	1	4962
m	582	606	1	1	0	0	2m	100	1	4962
m	580	594	1	1	0	0	2m	100	1	4962
m	591	560	1	1	0	0	2m	100	1	4962
m	599	582	1	1	0	0	2m	100	1	4962
m	612	594	1	1	0	0	2m	100	1	4962
m	560	583	1	1	0	0	2m	100	1	4962
m	554	562	1	1	0	0	2m	100	1	4962
m	534	567	1	1	0	0	2m	100	1	4962
m	540	584	1	1	0	0	2m	100	1	4962
m	530	590	1	1	0	0	2m	100	1	4962
m	500	586	1	1	0	0	2m	100	1	4962
m	508	574	1	1	0	0	2m	100	1	4962
m	520	566	1	1	0	0	2m	100	1	4962
m	551	547	1	1	0	0	2m	100	1	4962
m	569	546	1	1	0	0	2m	100	1	4962
m	540	610	1	1	0	0	2m	100	1	4962
m	551	621	1	1	0	0	2m	100	1	4962
m	586	615	1	1	0	0	2m	100	1	4962
m	600	610	1	1	0	0	2m	100	1	4962
m	593	591	1	1	0	0	2m	100	1	4962
m	602	570	1	1	0	0	2m	100	1	4962
m	642	584	1	1	0	0	2m	100	1	4962
m	620	585	1	1	0	0	2m	100	1	4963
m	634	574	1	1	0	0	2m	100	1	4963
m	635	603	1	1	0	0	2m	100	1	4963
m	656	579	1	1	0	0	2m	100	1	4963
m	679	593	1	1	0	0	2m	100	1	4963
m	696	608	1	1	0	0	2m	100	1	4963
m	720	616	1	1	0	0	2m	100	1	4963
m	725	638	1	1	0	0	2m	100	1	4963
m	698	628	1	1	0	0	2m	100	1	4963
m	669	613	1	1	0	0	2m	100	1	4963
m	650	596	1	1	0	0	2m	100	1	4963
m	642	618	1	1	0	0	2m	100	1	4963
m	670	624	1	1	0	0	2m	100	1	4963
m	708	602	1	1	0	0	2m	100	1	4963
m	709	626	1	1	0	0	2m	100	1	4963
m	732	652	1	1	0	0	2m	100	1	4963
m	717	622	1	1	0	0	2m	100	1	4964
m	695	618	1	1	0	0	2m	100	1	4964
m	678	610	1	1	0	0	2m	100	1	4964
m	666	600	1	1	0	0	2m	100	1	4964
m	656	609	1	1	0	0	2m	100	1	4964
m	640	592	1	1	0	0	2m	100	1	4964
m	660	586	1	1	0	0	2m	100	1	4964
m	629	588	1	1	0	0	2m	100	1	4964
m	623	602	1	1	0	0	2m	100	1	4964
m	625	610	1	1	0	0	2m	100	1	4964
m	708	639	1	1	0	0	2m	100	1	4964
m	738	645	1	1	0	0	2m	100	1	4964
m	743	657	1	1	0	0	2m	100	1	4964
m	741	664	1	1	0	0	2m	100	1	4964
m	724	627	1	1	0	0	2m	100	1	4964
m	746	680	1	1	0	0	2m	100	1	4968
m	744	699	1	1	0	0	2m	100	1	4968
m	742	725	1	1	0	0	2m	100	1	4968
m	754	752	1	1	0	0	2m	100	1	4968
m	758	778	1	1	0	0	2m	100	1	4968
m	742	791	1	1	0	0	2m	100	1	4968
m	723	784	1	1	0	0	2m	100	1	4968
m	716	766	1	1	0	0	2m	100	1	4968
m	726	752	1	1	0	0	2m	100	1	4968
m	691	758	1	1	0	0	2m	100	1	4968
m	690	773	1	1	0	0	2m	100	1	4968
m	696	795	1	1	0	0	2m	100	1	4968
m	708	812	1	1	0	0	2m	100	1	4968
m	734	822	1	1	0	0	2m	100	1	4968
m	760	822	1	1	0	0	2m	100	1	4968
m	778	810	1	1	0	0	2m	100	1	4968
m	789	794	1	1	0	0	2m	100	1	4968
m	791	772	1	1	0	0	2m	100	1	4968
m	787	748	1	1	0	0	2m	100	1	4968
m	722	723	1	1	0	0	2m	100	1	4967
m	700	732	1	1	0	0	2m	100	1	4967
m	742	744	1	1	0	0	2m	100	1	4967
m	732	758	1	1	0	0	2m	100	1	4967
m	730	772	1	1	0	0	2m	100	1	4967
m	742	780	1	1	0	0	2m	100	1	4967
m	755	791	1	1	0	0	2m	100	1	4967
m	762	762	1	1	0	0	2m	100	1	4967
m	774	733	1	1	0	0	2m	100	1	4967
m	792	758	1	1	0	0	2m	100	1	4967
m	790	786	1	1	0	0	2m	100	1	4967
m	782	802	1	1	0	0	2m	100	1	4967
m	766	816	1	1	0	0	2m	100	1	4967
m	744	824	1	1	0	0	2m	100	1	4967
m	720	820	1	1	0	0	2m	100	1	4967
m	717	776	1	1	0	0	2m	100	1	4967
m	730	796	1	1	0	0	2m	100	1	4967
m	750	770	1	1	0	0	2m	100	1	4967
m	742	756	1	1	0	0	2m	100	1	4967
m	741	802	1	1	0	0	2m	100	1	4969
