r	65	56	10	10	0	0	30s	100	1	2052
r	159	56	10	10	0	0	30s	100	1	2052
r	289	56	10	10	0	0	30s	100	1	2052
r	391	56	10	10	0	0	30s	100	1	2052
r	171	57	10	10	0	0	30s	100	1	2052
r	184	57	10	10	0	0	30s	100	1	2052
r	272	57	10	10	0	0	30s	100	1	2052
r	192	58	10	10	0	0	30s	100	1	2052
r	188	59	10	10	0	0	30s	100	1	2052
r	189	59	10	10	0	0	30s	100	1	2052
r	201	59	10	10	0	0	30s	100	1	2052
r	265	59	10	10	0	0	30s	100	1	2052
r	373	59	10	10	0	0	30s	100	1	2052
r	390	59	10	10	0	0	30s	100	1	2052
r	78	60	10	10	0	0	30s	100	1	2052
r	78	62	10	10	0	0	30s	100	1	2052
r	196	62	10	10	0	0	30s	100	1	2052
r	60	63	10	10	0	0	30s	100	1	2052
r	66	63	10	10	0	0	30s	100	1	2052
r	83	63	10	10	0	0	30s	100	1	2052
r	99	63	10	10	0	0	30s	100	1	2052
r	185	63	10	10	0	0	30s	100	1	2052
r	260	63	10	10	0	0	30s	100	1	2052
r	289	63	10	10	0	0	30s	100	1	2052
r	69	65	10	10	0	0	30s	100	1	2052
r	76	65	10	10	0	0	30s	100	1	2052
r	187	66	10	10	0	0	30s	100	1	2052
r	394	66	10	10	0	0	30s	100	1	2052
r	364	67	10	10	0	0	30s	100	1	2052
r	76	68	10	10	0	0	30s	100	1	2052
r	157	68	10	10	0	0	30s	100	1	2052
r	387	68	10	10	0	0	30s	100	1	2052
r	279	69	10	10	0	0	30s	100	1	2052
r	353	69	10	10	0	0	30s	100	1	2052
r	260	71	10	10	0	0	30s	100	1	2052
r	304	71	10	10	0	0	30s	100	1	2052
r	336	71	10	10	0	0	30s	100	1	2052
r	115	72	10	10	0	0	30s	100	1	2052
r	185	72	10	10	0	0	30s	100	1	2052
r	258	72	10	10	0	0	30s	100	1	2052
r	352	72	10	10	0	0	30s	100	1	2052
r	270	73	10	10	0	0	30s	100	1	2052
r	329	73	10	10	0	0	30s	100	1	2052
r	353	73	10	10	0	0	30s	100	1	2052
r	380	73	10	10	0	0	30s	100	1	2052
r	136	74	10	10	0	0	30s	100	1	2052
r	143	74	10	10	0	0	30s	100	1	2052
r	185	74	10	10	0	0	30s	100	1	2052
r	55	75	10	10	0	0	30s	100	1	2052
r	125	75	10	10	0	0	30s	100	1	2052
r	277	75	10	10	0	0	30s	100	1	2052
r	95	76	10	10	0	0	30s	100	1	2052
r	170	76	10	10	0	0	30s	100	1	2052
r	342	76	10	10	0	0	30s	100	1	2052
r	364	76	10	10	0	0	30s	100	1	2052
r	243	77	10	10	0	0	30s	100	1	2052
r	264	77	10	10	0	0	30s	100	1	2052
r	80	78	10	10	0	0	30s	100	1	2052
r	104	78	10	10	0	0	30s	100	1	2052
r	177	78	10	10	0	0	30s	100	1	2052
r	299	78	10	10	0	0	30s	100	1	2052
r	187	79	10	10	0	0	30s	100	1	2052
r	317	79	10	10	0	0	30s	100	1	2052
r	321	79	10	10	0	0	30s	100	1	2052
r	381	79	10	10	0	0	30s	100	1	2052
r	116	80	10	10	0	0	30s	100	1	2052
r	121	80	10	10	0	0	30s	100	1	2052
r	142	80	10	10	0	0	30s	100	1	2052
r	261	80	10	10	0	0	30s	100	1	2052
r	263	80	10	10	0	0	30s	100	1	2052
r	130	81	10	10	0	0	30s	100	1	2052
r	133	81	10	10	0	0	30s	100	1	2052
r	166	81	10	10	0	0	30s	100	1	2052
r	218	81	10	10	0	0	30s	100	1	2052
r	288	81	10	10	0	0	30s	100	1	2052
r	333	81	10	10	0	0	30s	100	1	2052
r	338	81	10	10	0	0	30s	100	1	2052
r	359	81	10	10	0	0	30s	100	1	2052
r	379	81	10	10	0	0	30s	100	1	2052
r	153	82	10	10	0	0	30s	100	1	2052
r	234	82	10	10	0	0	30s	100	1	2052
r	240	82	10	10	0	0	30s	100	1	2052
r	324	83	10	10	0	0	30s	100	1	2052
r	69	84	10	10	0	0	30s	100	1	2052
r	105	84	10	10	0	0	30s	100	1	2052
r	205	84	10	10	0	0	30s	100	1	2052
r	211	84	10	10	0	0	30s	100	1	2052
r	267	84	10	10	0	0	30s	100	1	2052
r	286	84	10	10	0	0	30s	100	1	2052
r	337	84	10	10	0	0	30s	100	1	2052
r	378	84	10	10	0	0	30s	100	1	2052
r	88	85	10	10	0	0	30s	100	1	2052
r	165	85	10	10	0	0	30s	100	1	2052
r	129	86	10	10	0	0	30s	100	1	2052
r	136	86	10	10	0	0	30s	100	1	2052
r	210	86	10	10	0	0	30s	100	1	2052
r	341	86	10	10	0	0	30s	100	1	2052
r	396	86	10	10	0	0	30s	100	1	2052
r	269	88	10	10	0	0	30s	100	1	2052
r	353	88	10	10	0	0	30s	100	1	2052
r	85	90	10	10	0	0	30s	100	1	2052
r	388	90	10	10	0	0	30s	100	1	2052
r	74	91	10	10	0	0	30s	100	1	2052
r	274	91	10	10	0	0	30s	100	1	2052
r	381	91	10	10	0	0	30s	100	1	2052
r	184	92	10	10	0	0	30s	100	1	2052
r	281	92	10	10	0	0	30s	100	1	2052
r	291	92	10	10	0	0	30s	100	1	2052
r	266	93	10	10	0	0	30s	100	1	2052
r	167	94	10	10	0	0	30s	100	1	2052
r	169	94	10	10	0	0	30s	100	1	2052
r	200	94	10	10	0	0	30s	100	1	2052
r	301	94	10	10	0	0	30s	100	1	2052
r	398	94	10	10	0	0	30s	100	1	2052
r	161	95	10	10	0	0	30s	100	1	2052
r	191	96	10	10	0	0	30s	100	1	2052
r	376	96	10	10	0	0	30s	100	1	2052
r	95	97	10	10	0	0	30s	100	1	2052
r	302	97	10	10	0	0	30s	100	1	2052
r	270	98	10	10	0	0	30s	100	1	2052
r	363	98	10	10	0	0	30s	100	1	2052
r	382	98	10	10	0	0	30s	100	1	2052
r	265	99	10	10	0	0	30s	100	1	2052
r	373	99	10	10	0	0	30s	100	1	2052
r	189	100	10	10	0	0	30s	100	1	2052
r	268	100	10	10	0	0	30s	100	1	2052
r	372	101	10	10	0	0	30s	100	1	2052
r	386	101	10	10	0	0	30s	100	1	2052
r	78	103	10	10	0	0	30s	100	1	2052
r	170	104	10	10	0	0	30s	100	1	2052
r	400	104	10	10	0	0	30s	100	1	2052
r	76	105	10	10	0	0	30s	100	1	2052
r	276	105	10	10	0	0	30s	100	1	2052
r	383	110	10	10	0	0	30s	100	1	2052
r	370	111	10	10	0	0	30s	100	1	2052
r	85	115	10	10	0	0	30s	100	1	2052
r	371	118	10	10	0	0	30s	100	1	2052
r	377	119	10	10	0	0	30s	100	1	2052
r	183	127	10	10	0	0	30s	100	1	2052
r	182	130	10	10	0	0	30s	100	1	2052
r	374	131	10	10	0	0	30s	100	1	2052
r	177	133	10	10	0	0	30s	100	1	2052
r	274	133	10	10	0	0	30s	100	1	2052
r	73	135	10	10	0	0	30s	100	1	2052
r	174	137	10	10	0	0	30s	100	1	2051
r	382	137	10	10	0	0	30s	100	1	2051
r	71	139	10	10	0	0	30s	100	1	2051
r	83	141	10	10	0	0	30s	100	1	2051
r	85	142	10	10	0	0	30s	100	1	2051
r	71	143	10	10	0	0	30s	100	1	2051
r	373	144	10	10	0	0	30s	100	1	2051
r	382	146	10	10	0	0	30s	100	1	2051
r	271	147	10	10	0	0	30s	100	1	2051
r	370	147	10	10	0	0	30s	100	1	2051
r	373	154	10	10	0	0	30s	100	1	2051
r	62	156	10	10	0	0	30s	100	1	2051
r	155	156	10	10	0	0	30s	100	1	2051
r	177	156	10	10	0	0	30s	100	1	2051
r	199	156	10	10	0	0	30s	100	1	2051
r	77	157	10	10	0	0	30s	100	1	2051
r	99	157	10	10	0	0	30s	100	1	2051
r	199	157	10	10	0	0	30s	100	1	2051
r	288	157	10	10	0	0	30s	100	1	2051
r	379	157	10	10	0	0	30s	100	1	2051
r	95	158	10	10	0	0	30s	100	1	2051
r	156	158	10	10	0	0	30s	100	1	2051
r	197	158	10	10	0	0	30s	100	1	2051
r	156	159	10	10	0	0	30s	100	1	2051
r	159	159	10	10	0	0	30s	100	1	2051
r	169	159	10	10	0	0	30s	100	1	2051
r	377	159	10	10	0	0	30s	100	1	2051
r	86	160	10	10	0	0	30s	100	1	2051
r	294	160	10	10	0	0	30s	100	1	2051
r	372	160	10	10	0	0	30s	100	1	2051
r	63	161	10	10	0	0	30s	100	1	2051
r	160	161	10	10	0	0	30s	100	1	2051
r	389	161	10	10	0	0	30s	100	1	2051
r	57	162	10	10	0	0	30s	100	1	2051
r	254	162	10	10	0	0	30s	100	1	2051
r	291	163	10	10	0	0	30s	100	1	2051
r	383	163	10	10	0	0	30s	100	1	2051
r	265	164	10	10	0	0	30s	100	1	2051
r	355	164	10	10	0	0	30s	100	1	2051
r	388	164	10	10	0	0	30s	100	1	2051
r	68	165	10	10	0	0	30s	100	1	2051
r	83	165	10	10	0	0	30s	100	1	2051
r	299	165	10	10	0	0	30s	100	1	2051
r	383	165	10	10	0	0	30s	100	1	2051
r	392	165	10	10	0	0	30s	100	1	2051
r	396	165	10	10	0	0	30s	100	1	2051
r	196	166	10	10	0	0	30s	100	1	2051
r	302	166	10	10	0	0	30s	100	1	2051
r	382	166	10	10	0	0	30s	100	1	2051
r	98	167	10	10	0	0	30s	100	1	2051
r	290	167	10	10	0	0	30s	100	1	2051
r	398	167	10	10	0	0	30s	100	1	2051
r	72	168	10	10	0	0	30s	100	1	2051
r	78	168	10	10	0	0	30s	100	1	2051
r	194	168	10	10	0	0	30s	100	1	2051
r	171	169	10	10	0	0	30s	100	1	2051
r	384	169	10	10	0	0	30s	100	1	2051
r	68	170	10	10	0	0	30s	100	1	2051
r	290	170	10	10	0	0	30s	100	1	2051
r	204	171	10	10	0	0	30s	100	1	2051
r	369	171	10	10	0	0	30s	100	1	2051
r	54	172	10	10	0	0	30s	100	1	2051
r	114	172	10	10	0	0	30s	100	1	2051
r	173	173	10	10	0	0	30s	100	1	2051
r	90	174	10	10	0	0	30s	100	1	2051
r	96	174	10	10	0	0	30s	100	1	2051
r	240	174	10	10	0	0	30s	100	1	2051
r	292	174	10	10	0	0	30s	100	1	2051
r	377	174	10	10	0	0	30s	100	1	2051
r	90	175	10	10	0	0	30s	100	1	2051
r	136	175	10	10	0	0	30s	100	1	2051
r	280	175	10	10	0	0	30s	100	1	2051
r	118	176	10	10	0	0	30s	100	1	2051
r	141	176	10	10	0	0	30s	100	1	2051
r	164	176	10	10	0	0	30s	100	1	2051
r	179	176	10	10	0	0	30s	100	1	2051
r	309	176	10	10	0	0	30s	100	1	2051
r	216	177	10	10	0	0	30s	100	1	2051
r	278	177	10	10	0	0	30s	100	1	2051
r	350	177	10	10	0	0	30s	100	1	2051
r	355	177	10	10	0	0	30s	100	1	2051
r	385	177	10	10	0	0	30s	100	1	2051
r	259	178	10	10	0	0	30s	100	1	2051
r	279	178	10	10	0	0	30s	100	1	2051
r	95	179	10	10	0	0	30s	100	1	2051
r	147	179	10	10	0	0	30s	100	1	2051
r	311	179	10	10	0	0	30s	100	1	2051
r	80	180	10	10	0	0	30s	100	1	2051
r	111	180	10	10	0	0	30s	100	1	2051
r	142	180	10	10	0	0	30s	100	1	2051
r	194	180	10	10	0	0	30s	100	1	2051
r	271	180	10	10	0	0	30s	100	1	2051
r	150	181	10	10	0	0	30s	100	1	2051
r	293	181	10	10	0	0	30s	100	1	2051
r	87	182	10	10	0	0	30s	100	1	2051
r	123	182	10	10	0	0	30s	100	1	2051
r	185	182	10	10	0	0	30s	100	1	2051
r	221	182	10	10	0	0	30s	100	1	2051
r	245	182	10	10	0	0	30s	100	1	2051
r	90	183	10	10	0	0	30s	100	1	2051
r	204	183	10	10	0	0	30s	100	1	2051
r	330	183	10	10	0	0	30s	100	1	2051
r	356	183	10	10	0	0	30s	100	1	2051
r	373	183	10	10	0	0	30s	100	1	2051
r	298	184	10	10	0	0	30s	100	1	2051
r	395	184	10	10	0	0	30s	100	1	2051
r	58	185	10	10	0	0	30s	100	1	2051
r	219	185	10	10	0	0	30s	100	1	2051
r	342	185	10	10	0	0	30s	100	1	2051
r	393	185	10	10	0	0	30s	100	1	2051
r	221	186	10	10	0	0	30s	100	1	2051
r	235	186	10	10	0	0	30s	100	1	2051
r	286	186	10	10	0	0	30s	100	1	2051
r	324	186	10	10	0	0	30s	100	1	2051
r	342	186	10	10	0	0	30s	100	1	2051
r	79	187	10	10	0	0	30s	100	1	2051
r	260	187	10	10	0	0	30s	100	1	2051
r	358	187	10	10	0	0	30s	100	1	2051
r	76	188	10	10	0	0	30s	100	1	2051
r	179	188	10	10	0	0	30s	100	1	2051
r	281	188	10	10	0	0	30s	100	1	2051
r	290	188	10	10	0	0	30s	100	1	2051
r	91	189	10	10	0	0	30s	100	1	2051
r	254	189	10	10	0	0	30s	100	1	2051
r	88	190	10	10	0	0	30s	100	1	2051
r	180	190	10	10	0	0	30s	100	1	2051
r	266	190	10	10	0	0	30s	100	1	2051
r	399	190	10	10	0	0	30s	100	1	2051
r	165	191	10	10	0	0	30s	100	1	2051
r	277	191	10	10	0	0	30s	100	1	2051
r	58	192	10	10	0	0	30s	100	1	2051
r	378	192	10	10	0	0	30s	100	1	2051
r	270	193	10	10	0	0	30s	100	1	2051
r	279	193	10	10	0	0	30s	100	1	2051
r	257	194	10	10	0	0	30s	100	1	2051
r	293	194	10	10	0	0	30s	100	1	2051
r	87	196	10	10	0	0	30s	100	1	2051
r	183	196	10	10	0	0	30s	100	1	2053
r	197	196	10	10	0	0	30s	100	1	2053
r	362	196	10	10	0	0	30s	100	1	2053
r	364	196	10	10	0	0	30s	100	1	2053
r	188	198	10	10	0	0	30s	100	1	2053
r	368	198	10	10	0	0	30s	100	1	2053
r	91	199	10	10	0	0	30s	100	1	2053
r	277	199	10	10	0	0	30s	100	1	2053
r	392	199	10	10	0	0	30s	100	1	2053
r	203	200	10	10	0	0	30s	100	1	2053
r	91	201	10	10	0	0	30s	100	1	2053
r	290	201	10	10	0	0	30s	100	1	2053
r	286	202	10	10	0	0	30s	100	1	2053
r	290	202	10	10	0	0	30s	100	1	2053
r	370	202	10	10	0	0	30s	100	1	2053
r	173	203	10	10	0	0	30s	100	1	2053
r	298	203	10	10	0	0	30s	100	1	2053
r	73	205	10	10	0	0	30s	100	1	2053
r	79	207	10	10	0	0	30s	100	1	2053
r	172	207	10	10	0	0	30s	100	1	2053
r	277	213	10	10	0	0	30s	100	1	2053
r	81	215	10	10	0	0	30s	100	1	2053
r	271	215	10	10	0	0	30s	100	1	2053
r	177	218	10	10	0	0	30s	100	1	2053
r	71	221	10	10	0	0	30s	100	1	2053
r	85	223	10	10	0	0	30s	100	1	2053
r	175	228	10	10	0	0	30s	100	1	2053
r	79	230	10	10	0	0	30s	100	1	2053
r	175	231	10	10	0	0	30s	100	1	2053
r	278	236	10	10	0	0	30s	100	1	2053
r	173	238	10	10	0	0	30s	100	1	2053
r	279	238	10	10	0	0	30s	100	1	2053
r	276	243	10	10	0	0	30s	100	1	2053
r	174	244	10	10	0	0	30s	100	1	2053
r	277	246	10	10	0	0	30s	100	1	2053
r	273	248	10	10	0	0	30s	100	1	2053
r	275	252	10	10	0	0	30s	100	1	2053
r	173	254	10	10	0	0	30s	100	1	2053
r	94	255	10	10	0	0	30s	100	1	2053
r	396	255	10	10	0	0	30s	100	1	2053
r	75	256	10	10	0	0	30s	100	1	2053
r	164	256	10	10	0	0	30s	100	1	2053
r	292	256	10	10	0	0	30s	100	1	2053
r	371	256	10	10	0	0	30s	100	1	2053
r	401	256	10	10	0	0	30s	100	1	2053
r	282	257	10	10	0	0	30s	100	1	2053
r	389	257	10	10	0	0	30s	100	1	2053
r	155	258	10	10	0	0	30s	100	1	2053
r	168	258	10	10	0	0	30s	100	1	2053
r	388	258	10	10	0	0	30s	100	1	2053
r	274	259	10	10	0	0	30s	100	1	2053
r	77	260	10	10	0	0	30s	100	1	2053
r	190	260	10	10	0	0	30s	100	1	2053
r	285	260	10	10	0	0	30s	100	1	2053
r	287	260	10	10	0	0	30s	100	1	2053
r	94	261	10	10	0	0	30s	100	1	2053
r	102	261	10	10	0	0	30s	100	1	2053
r	196	261	10	10	0	0	30s	100	1	2053
r	354	261	10	10	0	0	30s	100	1	2053
r	75	262	10	10	0	0	30s	100	1	2053
r	94	263	10	10	0	0	30s	100	1	2053
r	184	264	10	10	0	0	30s	100	1	2053
r	173	265	10	10	0	0	30s	100	1	2053
r	400	265	10	10	0	0	30s	100	1	2053
r	258	266	10	10	0	0	30s	100	1	2053
r	294	266	10	10	0	0	30s	100	1	2053
r	298	266	10	10	0	0	30s	100	1	2053
r	371	266	10	10	0	0	30s	100	1	2053
r	102	267	10	10	0	0	30s	100	1	2053
r	188	268	10	10	0	0	30s	100	1	2053
r	256	268	10	10	0	0	30s	100	1	2053
r	268	268	10	10	0	0	30s	100	1	2053
r	54	269	10	10	0	0	30s	100	1	2053
r	184	269	10	10	0	0	30s	100	1	2053
r	360	269	10	10	0	0	30s	100	1	2053
r	367	269	10	10	0	0	30s	100	1	2053
r	366	270	10	10	0	0	30s	100	1	2053
r	381	270	10	10	0	0	30s	100	1	2053
r	135	271	10	10	0	0	30s	100	1	2053
r	191	271	10	10	0	0	30s	100	1	2053
r	308	271	10	10	0	0	30s	100	1	2053
r	342	272	10	10	0	0	30s	100	1	2053
r	254	273	10	10	0	0	30s	100	1	2053
r	258	273	10	10	0	0	30s	100	1	2053
r	279	273	10	10	0	0	30s	100	1	2053
r	295	273	10	10	0	0	30s	100	1	2053
r	319	273	10	10	0	0	30s	100	1	2053
r	330	273	10	10	0	0	30s	100	1	2053
r	362	273	10	10	0	0	30s	100	1	2053
r	387	273	10	10	0	0	30s	100	1	2053
r	151	274	10	10	0	0	30s	100	1	2053
r	306	274	10	10	0	0	30s	100	1	2053
r	334	274	10	10	0	0	30s	100	1	2053
r	362	274	10	10	0	0	30s	100	1	2053
r	68	275	10	10	0	0	30s	100	1	2053
r	86	275	10	10	0	0	30s	100	1	2053
r	150	275	10	10	0	0	30s	100	1	2053
r	254	275	10	10	0	0	30s	100	1	2053
r	286	275	10	10	0	0	30s	100	1	2053
r	69	276	10	10	0	0	30s	100	1	2053
r	86	276	10	10	0	0	30s	100	1	2053
r	296	276	10	10	0	0	30s	100	1	2053
r	300	276	10	10	0	0	30s	100	1	2053
r	337	276	10	10	0	0	30s	100	1	2053
r	388	276	10	10	0	0	30s	100	1	2053
r	103	277	10	10	0	0	30s	100	1	2053
r	370	277	10	10	0	0	30s	100	1	2053
r	132	278	10	10	0	0	30s	100	1	2053
r	193	278	10	10	0	0	30s	100	1	2053
r	108	279	10	10	0	0	30s	100	1	2053
r	273	279	10	10	0	0	30s	100	1	2053
r	355	279	10	10	0	0	30s	100	1	2053
r	281	280	10	10	0	0	30s	100	1	2053
r	158	281	10	10	0	0	30s	100	1	2053
r	185	281	10	10	0	0	30s	100	1	2053
r	276	281	10	10	0	0	30s	100	1	2053
r	316	281	10	10	0	0	30s	100	1	2053
r	340	281	10	10	0	0	30s	100	1	2053
r	359	281	10	10	0	0	30s	100	1	2053
r	361	281	10	10	0	0	30s	100	1	2053
r	365	281	10	10	0	0	30s	100	1	2053
r	203	282	10	10	0	0	30s	100	1	2053
r	303	282	10	10	0	0	30s	100	1	2053
r	384	282	10	10	0	0	30s	100	1	2053
r	76	283	10	10	0	0	30s	100	1	2055
r	173	283	10	10	0	0	30s	100	1	2055
r	316	283	10	10	0	0	30s	100	1	2055
r	331	283	10	10	0	0	30s	100	1	2055
r	343	283	10	10	0	0	30s	100	1	2055
r	349	283	10	10	0	0	30s	100	1	2055
r	383	283	10	10	0	0	30s	100	1	2055
r	95	284	10	10	0	0	30s	100	1	2055
r	197	284	10	10	0	0	30s	100	1	2055
r	267	284	10	10	0	0	30s	100	1	2055
r	291	284	10	10	0	0	30s	100	1	2055
r	304	284	10	10	0	0	30s	100	1	2055
r	309	285	10	10	0	0	30s	100	1	2055
r	104	286	10	10	0	0	30s	100	1	2055
r	193	286	10	10	0	0	30s	100	1	2055
r	316	286	10	10	0	0	30s	100	1	2055
r	368	286	10	10	0	0	30s	100	1	2055
r	390	286	10	10	0	0	30s	100	1	2055
r	78	287	10	10	0	0	30s	100	1	2055
r	85	287	10	10	0	0	30s	100	1	2055
r	63	288	10	10	0	0	30s	100	1	2055
r	74	288	10	10	0	0	30s	100	1	2055
r	163	288	10	10	0	0	30s	100	1	2055
r	165	289	10	10	0	0	30s	100	1	2055
r	278	289	10	10	0	0	30s	100	1	2055
r	397	289	10	10	0	0	30s	100	1	2055
r	84	290	10	10	0	0	30s	100	1	2055
r	180	290	10	10	0	0	30s	100	1	2055
r	370	290	10	10	0	0	30s	100	1	2055
r	379	290	10	10	0	0	30s	100	1	2055
r	192	291	10	10	0	0	30s	100	1	2055
r	71	292	10	10	0	0	30s	100	1	2055
r	158	292	10	10	0	0	30s	100	1	2055
r	175	292	10	10	0	0	30s	100	1	2055
r	367	292	10	10	0	0	30s	100	1	2055
r	168	293	10	10	0	0	30s	100	1	2055
r	64	294	10	10	0	0	30s	100	1	2055
r	67	294	10	10	0	0	30s	100	1	2055
r	80	294	10	10	0	0	30s	100	1	2055
r	170	294	10	10	0	0	30s	100	1	2055
r	264	294	10	10	0	0	30s	100	1	2055
r	283	294	10	10	0	0	30s	100	1	2055
r	368	294	10	10	0	0	30s	100	1	2055
r	202	295	10	10	0	0	30s	100	1	2055
r	291	295	10	10	0	0	30s	100	1	2055
r	371	295	10	10	0	0	30s	100	1	2055
r	58	296	10	10	0	0	30s	100	1	2055
r	62	296	10	10	0	0	30s	100	1	2055
r	69	296	10	10	0	0	30s	100	1	2055
r	156	296	10	10	0	0	30s	100	1	2055
r	294	296	10	10	0	0	30s	100	1	2055
r	366	296	10	10	0	0	30s	100	1	2055
r	59	297	10	10	0	0	30s	100	1	2055
r	202	297	10	10	0	0	30s	100	1	2055
r	257	297	10	10	0	0	30s	100	1	2055
r	298	298	10	10	0	0	30s	100	1	2055
r	367	298	10	10	0	0	30s	100	1	2055
r	180	299	10	10	0	0	30s	100	1	2055
r	399	299	10	10	0	0	30s	100	1	2055
r	158	300	10	10	0	0	30s	100	1	2055
r	175	300	10	10	0	0	30s	100	1	2055
r	284	300	10	10	0	0	30s	100	1	2055
r	363	300	10	10	0	0	30s	100	1	2055
r	379	300	10	10	0	0	30s	100	1	2055
r	92	301	10	10	0	0	30s	100	1	2055
r	176	301	10	10	0	0	30s	100	1	2055
r	181	301	10	10	0	0	30s	100	1	2055
r	279	301	10	10	0	0	30s	100	1	2055
r	258	302	10	10	0	0	30s	100	1	2055
r	301	302	10	10	0	0	30s	100	1	2055
r	289	303	10	10	0	0	30s	100	1	2055
r	353	303	10	10	0	0	30s	100	1	2055
r	85	309	10	10	0	0	30s	100	1	2055
r	81	315	10	10	0	0	30s	100	1	2055
r	77	325	10	10	0	0	30s	100	1	2055
r	385	326	10	10	0	0	30s	100	1	2055
r	83	333	10	10	0	0	30s	100	1	2055
r	374	333	10	10	0	0	30s	100	1	2055
r	80	334	10	10	0	0	30s	100	1	2055
r	375	342	10	10	0	0	30s	100	1	2055
r	377	342	10	10	0	0	30s	100	1	2055
r	374	343	10	10	0	0	30s	100	1	2055
r	377	354	10	10	0	0	30s	100	1	2055
r	197	355	10	10	0	0	30s	100	1	2055
r	355	355	10	10	0	0	30s	100	1	2055
r	257	356	10	10	0	0	30s	100	1	2055
r	353	356	10	10	0	0	30s	100	1	2055
r	399	356	10	10	0	0	30s	100	1	2055
r	192	357	10	10	0	0	30s	100	1	2055
r	361	357	10	10	0	0	30s	100	1	2055
r	386	357	10	10	0	0	30s	100	1	2055
r	196	358	10	10	0	0	30s	100	1	2055
r	381	358	10	10	0	0	30s	100	1	2055
r	89	359	10	10	0	0	30s	100	1	2055
r	189	359	10	10	0	0	30s	100	1	2055
r	358	359	10	10	0	0	30s	100	1	2055
r	80	360	10	10	0	0	30s	100	1	2055
r	101	360	10	10	0	0	30s	100	1	2055
r	377	360	10	10	0	0	30s	100	1	2055
r	360	361	10	10	0	0	30s	100	1	2055
r	257	362	10	10	0	0	30s	100	1	2055
r	281	362	10	10	0	0	30s	100	1	2055
r	162	363	10	10	0	0	30s	100	1	2055
r	185	363	10	10	0	0	30s	100	1	2055
r	354	363	10	10	0	0	30s	100	1	2055
r	298	364	10	10	0	0	30s	100	1	2055
r	380	364	10	10	0	0	30s	100	1	2055
r	189	365	10	10	0	0	30s	100	1	2055
r	293	365	10	10	0	0	30s	100	1	2055
r	65	366	10	10	0	0	30s	100	1	2055
r	284	366	10	10	0	0	30s	100	1	2055
r	369	366	10	10	0	0	30s	100	1	2055
r	102	367	10	10	0	0	30s	100	1	2055
r	301	367	10	10	0	0	30s	100	1	2055
r	378	367	10	10	0	0	30s	100	1	2055
r	187	368	10	10	0	0	30s	100	1	2055
r	72	370	10	10	0	0	30s	100	1	2055
r	190	370	10	10	0	0	30s	100	1	2055
r	286	370	10	10	0	0	30s	100	1	2055
r	354	370	10	10	0	0	30s	100	1	2055
r	289	371	10	10	0	0	30s	100	1	2055
r	212	372	10	10	0	0	30s	100	1	2055
r	307	372	10	10	0	0	30s	100	1	2055
r	342	372	10	10	0	0	30s	100	1	2055
r	392	372	10	10	0	0	30s	100	1	2055
r	107	373	10	10	0	0	30s	100	1	2055
r	195	373	10	10	0	0	30s	100	1	2054
r	222	373	10	10	0	0	30s	100	1	2054
r	257	373	10	10	0	0	30s	100	1	2054
r	365	373	10	10	0	0	30s	100	1	2054
r	388	373	10	10	0	0	30s	100	1	2054
r	397	373	10	10	0	0	30s	100	1	2054
r	153	374	10	10	0	0	30s	100	1	2054
r	299	374	10	10	0	0	30s	100	1	2054
r	385	374	10	10	0	0	30s	100	1	2054
r	72	375	10	10	0	0	30s	100	1	2054
r	85	375	10	10	0	0	30s	100	1	2054
r	127	375	10	10	0	0	30s	100	1	2054
r	143	375	10	10	0	0	30s	100	1	2054
r	212	375	10	10	0	0	30s	100	1	2054
r	331	375	10	10	0	0	30s	100	1	2054
r	168	376	10	10	0	0	30s	100	1	2054
r	201	376	10	10	0	0	30s	100	1	2054
r	203	376	10	10	0	0	30s	100	1	2054
r	227	376	10	10	0	0	30s	100	1	2054
r	312	376	10	10	0	0	30s	100	1	2054
r	61	377	10	10	0	0	30s	100	1	2054
r	182	377	10	10	0	0	30s	100	1	2054
r	213	377	10	10	0	0	30s	100	1	2054
r	226	377	10	10	0	0	30s	100	1	2054
r	312	377	10	10	0	0	30s	100	1	2054
r	315	377	10	10	0	0	30s	100	1	2054
r	67	378	10	10	0	0	30s	100	1	2054
r	73	378	10	10	0	0	30s	100	1	2054
r	126	378	10	10	0	0	30s	100	1	2054
r	133	378	10	10	0	0	30s	100	1	2054
r	163	378	10	10	0	0	30s	100	1	2054
r	244	378	10	10	0	0	30s	100	1	2054
r	254	378	10	10	0	0	30s	100	1	2054
r	294	378	10	10	0	0	30s	100	1	2054
r	76	379	10	10	0	0	30s	100	1	2054
r	78	379	10	10	0	0	30s	100	1	2054
r	99	379	10	10	0	0	30s	100	1	2054
r	157	379	10	10	0	0	30s	100	1	2054
r	336	379	10	10	0	0	30s	100	1	2054
r	376	379	10	10	0	0	30s	100	1	2054
r	126	380	10	10	0	0	30s	100	1	2054
r	279	380	10	10	0	0	30s	100	1	2054
r	312	380	10	10	0	0	30s	100	1	2054
r	60	381	10	10	0	0	30s	100	1	2054
r	177	381	10	10	0	0	30s	100	1	2054
r	190	381	10	10	0	0	30s	100	1	2054
r	64	382	10	10	0	0	30s	100	1	2054
r	181	382	10	10	0	0	30s	100	1	2054
r	212	382	10	10	0	0	30s	100	1	2054
r	268	382	10	10	0	0	30s	100	1	2054
r	305	382	10	10	0	0	30s	100	1	2054
r	205	383	10	10	0	0	30s	100	1	2054
r	229	383	10	10	0	0	30s	100	1	2054
r	315	383	10	10	0	0	30s	100	1	2054
r	370	383	10	10	0	0	30s	100	1	2054
r	68	384	10	10	0	0	30s	100	1	2054
r	74	384	10	10	0	0	30s	100	1	2054
r	78	384	10	10	0	0	30s	100	1	2054
r	143	384	10	10	0	0	30s	100	1	2054
r	238	384	10	10	0	0	30s	100	1	2054
r	263	384	10	10	0	0	30s	100	1	2054
r	317	384	10	10	0	0	30s	100	1	2054
r	71	385	10	10	0	0	30s	100	1	2054
r	152	385	10	10	0	0	30s	100	1	2054
r	178	385	10	10	0	0	30s	100	1	2054
r	255	385	10	10	0	0	30s	100	1	2054
r	261	385	10	10	0	0	30s	100	1	2054
r	280	385	10	10	0	0	30s	100	1	2054
r	287	385	10	10	0	0	30s	100	1	2054
r	271	386	10	10	0	0	30s	100	1	2054
r	302	386	10	10	0	0	30s	100	1	2054
r	283	387	10	10	0	0	30s	100	1	2054
r	291	387	10	10	0	0	30s	100	1	2054
r	189	389	10	10	0	0	30s	100	1	2054
r	198	389	10	10	0	0	30s	100	1	2054
r	165	391	10	10	0	0	30s	100	1	2054
r	181	391	10	10	0	0	30s	100	1	2054
r	254	392	10	10	0	0	30s	100	1	2054
r	283	392	10	10	0	0	30s	100	1	2054
r	199	393	10	10	0	0	30s	100	1	2054
r	262	395	10	10	0	0	30s	100	1	2054
r	393	395	10	10	0	0	30s	100	1	2054
r	92	396	10	10	0	0	30s	100	1	2054
r	100	396	10	10	0	0	30s	100	1	2054
r	254	397	10	10	0	0	30s	100	1	2054
r	276	397	10	10	0	0	30s	100	1	2054
r	280	397	10	10	0	0	30s	100	1	2054
r	301	398	10	10	0	0	30s	100	1	2054
r	70	399	10	10	0	0	30s	100	1	2054
r	275	399	10	10	0	0	30s	100	1	2054
r	386	399	10	10	0	0	30s	100	1	2054
r	201	400	10	10	0	0	30s	100	1	2054
r	368	401	10	10	0	0	30s	100	1	2054
r	203	403	10	10	0	0	30s	100	1	2054
r	290	403	10	10	0	0	30s	100	1	2054
r	401	403	10	10	0	0	30s	100	1	2054
r	179	404	10	10	0	0	30s	100	1	2054
r	179	410	10	10	0	0	30s	100	1	2054
r	182	424	10	10	0	0	30s	100	1	2054
r	180	426	10	10	0	0	30s	100	1	2054
r	177	431	10	10	0	0	30s	100	1	2054
ga	375	556	10	10	0	0	30s	100	1	2054
ga	350	557	10	10	0	0	30s	100	1	2054
ga	357	559	10	10	0	0	30s	100	1	2054
ga	379	562	10	10	0	0	30s	100	1	2054
ga	339	563	10	10	0	0	30s	100	1	2054
ga	375	563	10	10	0	0	30s	100	1	2054
ga	345	566	10	10	0	0	30s	100	1	2054
ga	350	569	10	10	0	0	30s	100	1	2054
ga	396	569	10	10	0	0	30s	100	1	2054
ga	337	570	10	10	0	0	30s	100	1	2054
ga	365	571	10	10	0	0	30s	100	1	2054
ga	382	571	10	10	0	0	30s	100	1	2054
ga	340	572	10	10	0	0	30s	100	1	2054
ga	349	572	10	10	0	0	30s	100	1	2054
ga	377	575	10	10	0	0	30s	100	1	2054
ga	343	579	10	10	0	0	30s	100	1	2054
ga	399	579	10	10	0	0	30s	100	1	2054
ga	394	582	10	10	0	0	30s	100	1	2054
ga	341	583	10	10	0	0	30s	100	1	2054
ga	391	584	10	10	0	0	30s	100	1	2054
ga	367	585	10	10	0	0	30s	100	1	2054
ga	402	589	10	10	0	0	30s	100	1	2054
ga	347	590	10	10	0	0	30s	100	1	2054
ga	361	590	10	10	0	0	30s	100	1	2054
ga	361	597	10	10	0	0	30s	100	1	2054
ga	398	597	10	10	0	0	30s	100	1	2054
ga	400	597	10	10	0	0	30s	100	1	2054
ga	335	598	10	10	0	0	30s	100	1	2054
ga	385	599	10	10	0	0	30s	100	1	2054
ga	354	600	10	10	0	0	30s	100	1	2054
ga	369	600	10	10	0	0	30s	100	1	2054
ga	390	600	10	10	0	0	30s	100	1	2054
ga	392	601	10	10	0	0	30s	100	1	2054
ga	339	603	10	10	0	0	30s	100	1	2054
ga	370	604	10	10	0	0	30s	100	1	2054