//type	cx	cy	sx	sy	z	dir	time	percent	count	vnum
//quest_mob
g	598	303	10	10	0	0	60s	100	1	20004
g	810	281	10	10	0	0	60s	100	1	20003
g	186	199	10	10	0	0	60s	100	1	20002
m	899	143	10	10	0	0	3600s	100	1	3911
m	667	861	10	10	0	0	3600s	100	1	3912
m	1023	845	10	10	0	0	3600s	100	1	3913

//mob
r	1416	168	10	10	0	0	60s	100	1	3029
r	1316	224	10	10	0	0	60s	100	1	3029
r	1355	243	10	10	0	0	60s	100	1	3029
r	1359	249	10	10	0	0	60s	100	1	3029
r	1348	260	10	10	0	0	60s	100	1	3029
r	1344	262	10	10	0	0	60s	100	1	3029
r	1339	268	10	10	0	0	60s	100	1	3029
r	1369	274	10	10	0	0	60s	100	1	3029
r	1382	278	10	10	0	0	60s	100	1	3029
r	1339	280	10	10	0	0	60s	100	1	3029
r	1354	292	10	10	0	0	60s	100	1	3029
r	1356	292	10	10	0	0	60s	100	1	3029
r	1365	292	10	10	0	0	60s	100	1	3029
r	1376	300	10	10	0	0	60s	100	1	3029
r	1354	337	10	10	0	0	60s	100	1	3029
r	1375	347	10	10	0	0	60s	100	1	3029
r	1585	495	10	10	0	0	60s	100	1	3029
r	1614	516	10	10	0	0	60s	100	1	3029
r	1601	534	10	10	0	0	60s	100	1	3029
r	1602	538	10	10	0	0	60s	100	1	3029
r	1610	547	10	10	0	0	60s	100	1	3029
r	1629	554	10	10	0	0	60s	100	1	3029
r	1607	562	10	10	0	0	60s	100	1	3029
r	1607	570	10	10	0	0	60s	100	1	3029
r	1606	588	10	10	0	0	60s	100	1	3029
r	1618	588	10	10	0	0	60s	100	1	3029
r	1630	588	10	10	0	0	60s	100	1	3029
r	1604	590	10	10	0	0	60s	100	1	3029
r	1222	591	10	10	0	0	60s	100	1	3029
r	1638	600	10	10	0	0	60s	100	1	3029
r	1601	605	10	10	0	0	60s	100	1	3029
r	1229	607	10	10	0	0	60s	100	1	3029
r	1627	610	10	10	0	0	60s	100	1	3029
r	1240	611	10	10	0	0	60s	100	1	3029
r	1230	615	10	10	0	0	60s	100	1	3029
r	1623	619	10	10	0	0	60s	100	1	3029
r	1215	620	10	10	0	0	60s	100	1	3029
r	1212	621	10	10	0	0	60s	100	1	3029
r	1265	626	10	10	0	0	60s	100	1	3029
r	1620	635	10	10	0	0	60s	100	1	3029
r	1589	636	10	10	0	0	60s	100	1	3029
r	1249	644	10	10	0	0	60s	100	1	3029
r	1264	645	10	10	0	0	60s	100	1	3029
r	1288	648	10	10	0	0	60s	100	1	3029
r	1606	655	10	10	0	0	60s	100	1	3029
r	1419	659	10	10	0	0	60s	100	1	3029
r	1412	660	10	10	0	0	60s	100	1	3029
r	1421	660	10	10	0	0	60s	100	1	3029
r	1301	661	10	10	0	0	60s	100	1	3029
r	1626	669	10	10	0	0	60s	100	1	3029
r	1431	670	10	10	0	0	60s	100	1	3029
r	1635	677	10	10	0	0	60s	100	1	3029
r	1324	682	10	10	0	0	60s	100	1	3029
r	1571	690	10	10	0	0	60s	100	1	3029
r	1576	691	10	10	0	0	60s	100	1	3029
r	1355	693	10	10	0	0	60s	100	1	3029
r	1333	694	10	10	0	0	60s	100	1	3029
r	1469	699	10	10	0	0	60s	100	1	3029
r	1389	701	10	10	0	0	60s	100	1	3029
r	1389	703	10	10	0	0	60s	100	1	3029
r	1397	707	10	10	0	0	60s	100	1	3029
r	1600	708	10	10	0	0	60s	100	1	3029
r	1386	710	10	10	0	0	60s	100	1	3029
r	1353	711	10	10	0	0	60s	100	1	3029
r	1470	714	10	10	0	0	60s	100	1	3029
r	1593	714	10	10	0	0	60s	100	1	3029
r	1580	716	10	10	0	0	60s	100	1	3029
r	1616	719	10	10	0	0	60s	100	1	3029
r	1595	721	10	10	0	0	60s	100	1	3029
r	1376	722	10	10	0	0	60s	100	1	3029
r	1396	722	10	10	0	0	60s	100	1	3029
r	1638	722	10	10	0	0	60s	100	1	3029
r	1551	724	10	10	0	0	60s	100	1	3029
r	1611	724	10	10	0	0	60s	100	1	3029
r	1518	726	10	10	0	0	60s	100	1	3029
r	1525	727	10	10	0	0	60s	100	1	3029
r	1462	733	10	10	0	0	60s	100	1	3029
r	1634	733	10	10	0	0	60s	100	1	3029
r	1461	734	10	10	0	0	60s	100	1	3029
r	1539	735	10	10	0	0	60s	100	1	3029
r	1543	735	10	10	0	0	60s	100	1	3029
r	1455	737	10	10	0	0	60s	100	1	3029
r	1355	739	10	10	0	0	60s	100	1	3029
r	1624	741	10	10	0	0	60s	100	1	3029
r	1539	746	10	10	0	0	60s	100	1	3029
r	1519	747	10	10	0	0	60s	100	1	3029
r	1610	747	10	10	0	0	60s	100	1	3029
r	1440	748	10	10	0	0	60s	100	1	3029
r	1533	748	10	10	0	0	60s	100	1	3029
r	1501	751	10	10	0	0	60s	100	1	3029
r	1405	753	10	10	0	0	60s	100	1	3029
r	1540	754	10	10	0	0	60s	100	1	3029
r	1608	756	10	10	0	0	60s	100	1	3029
r	1467	757	10	10	0	0	60s	100	1	3029
r	1513	759	10	10	0	0	60s	100	1	3029
r	1402	761	10	10	0	0	60s	100	1	3029
r	1620	763	10	10	0	0	60s	100	1	3029
r	1610	764	10	10	0	0	60s	100	1	3029
r	1596	767	10	10	0	0	60s	100	1	3029
r	1484	769	10	10	0	0	60s	100	1	3029
r	1571	769	10	10	0	0	60s	100	1	3029
r	1467	772	10	10	0	0	60s	100	1	3029
r	1577	772	10	10	0	0	60s	100	1	3029
r	1426	773	10	10	0	0	60s	100	1	3029
r	1484	773	10	10	0	0	60s	100	1	3029
r	1572	773	10	10	0	0	60s	100	1	3029
r	1599	773	10	10	0	0	60s	100	1	3029
r	1408	774	10	10	0	0	60s	100	1	3029
r	1540	775	10	10	0	0	60s	100	1	3029
r	1558	777	10	10	0	0	60s	100	1	3029
r	1412	784	10	10	0	0	60s	100	1	3029
r	1421	785	10	10	0	0	60s	100	1	3029
r	1404	787	10	10	0	0	60s	100	1	3029
r	1502	790	10	10	0	0	60s	100	1	3029
r	1442	792	10	10	0	0	60s	100	1	3029
r	1431	821	10	10	0	0	60s	100	1	3029
r	1442	829	10	10	0	0	60s	100	1	3029
r	1447	173	10	10	0	0	60s	100	1	3030
r	1440	177	10	10	0	0	60s	100	1	3030
r	1445	186	10	10	0	0	60s	100	1	3030
r	1454	187	10	10	0	0	60s	100	1	3030
r	1456	192	10	10	0	0	60s	100	1	3030
r	1444	197	10	10	0	0	60s	100	1	3030
r	1423	199	10	10	0	0	60s	100	1	3030
r	1418	201	10	10	0	0	60s	100	1	3030
r	1431	201	10	10	0	0	60s	100	1	3030
r	1427	203	10	10	0	0	60s	100	1	3030
r	1473	205	10	10	0	0	60s	100	1	3030
r	1477	210	10	10	0	0	60s	100	1	3030
r	1497	210	10	10	0	0	60s	100	1	3030
r	1441	212	10	10	0	0	60s	100	1	3030
r	1446	221	10	10	0	0	60s	100	1	3030
r	1501	223	10	10	0	0	60s	100	1	3030
r	1438	225	10	10	0	0	60s	100	1	3030
r	1453	226	10	10	0	0	60s	100	1	3030
r	1453	230	10	10	0	0	60s	100	1	3030
r	1430	235	10	10	0	0	60s	100	1	3030
r	1454	237	10	10	0	0	60s	100	1	3030
r	1438	239	10	10	0	0	60s	100	1	3030
r	1472	240	10	10	0	0	60s	100	1	3030
r	1449	242	10	10	0	0	60s	100	1	3030
r	1493	243	10	10	0	0	60s	100	1	3030
r	1430	246	10	10	0	0	60s	100	1	3030
r	1505	246	10	10	0	0	60s	100	1	3030
r	1460	247	10	10	0	0	60s	100	1	3030
r	1485	249	10	10	0	0	60s	100	1	3030
r	1490	249	10	10	0	0	60s	100	1	3030
r	1435	255	10	10	0	0	60s	100	1	3030
r	1508	258	10	10	0	0	60s	100	1	3030
r	1508	262	10	10	0	0	60s	100	1	3030
r	1447	263	10	10	0	0	60s	100	1	3030
r	1439	266	10	10	0	0	60s	100	1	3030
r	1465	269	10	10	0	0	60s	100	1	3030
r	1422	271	10	10	0	0	60s	100	1	3030
r	1440	272	10	10	0	0	60s	100	1	3030
r	1501	273	10	10	0	0	60s	100	1	3030
r	1427	274	10	10	0	0	60s	100	1	3030
r	1404	275	10	10	0	0	60s	100	1	3030
r	1533	276	10	10	0	0	60s	100	1	3030
r	1395	277	10	10	0	0	60s	100	1	3030
r	1414	279	10	10	0	0	60s	100	1	3030
r	1411	283	10	10	0	0	60s	100	1	3030
r	1495	284	10	10	0	0	60s	100	1	3030
r	1432	302	10	10	0	0	60s	100	1	3030
r	1509	305	10	10	0	0	60s	100	1	3030
r	1515	312	10	10	0	0	60s	100	1	3030
r	1515	313	10	10	0	0	60s	100	1	3030
r	1510	315	10	10	0	0	60s	100	1	3030
r	1410	316	10	10	0	0	60s	100	1	3030
r	1409	318	10	10	0	0	60s	100	1	3030
r	1406	320	10	10	0	0	60s	100	1	3030
r	1517	328	10	10	0	0	60s	100	1	3030
r	1395	335	10	10	0	0	60s	100	1	3030
r	1392	344	10	10	0	0	60s	100	1	3030
r	1474	344	10	10	0	0	60s	100	1	3030
r	1386	346	10	10	0	0	60s	100	1	3030
r	1450	347	10	10	0	0	60s	100	1	3030
r	1434	350	10	10	0	0	60s	100	1	3030
r	1434	353	10	10	0	0	60s	100	1	3030
r	1433	355	10	10	0	0	60s	100	1	3030
r	1405	360	10	10	0	0	60s	100	1	3030
r	1507	360	10	10	0	0	60s	100	1	3030
r	1450	361	10	10	0	0	60s	100	1	3030
r	1473	362	10	10	0	0	60s	100	1	3030
r	1430	363	10	10	0	0	60s	100	1	3030
r	1458	364	10	10	0	0	60s	100	1	3030
r	1472	368	10	10	0	0	60s	100	1	3030
r	1444	372	10	10	0	0	60s	100	1	3030
r	1473	373	10	10	0	0	60s	100	1	3030
r	1462	376	10	10	0	0	60s	100	1	3030
r	1520	382	10	10	0	0	60s	100	1	3030
r	1442	386	10	10	0	0	60s	100	1	3030
r	1451	390	10	10	0	0	60s	100	1	3030
r	1457	390	10	10	0	0	60s	100	1	3030
r	1477	391	10	10	0	0	60s	100	1	3030
r	1512	394	10	10	0	0	60s	100	1	3030
r	1473	403	10	10	0	0	60s	100	1	3030
r	1514	405	10	10	0	0	60s	100	1	3030
r	1473	411	10	10	0	0	60s	100	1	3030
r	1498	419	10	10	0	0	60s	100	1	3030
r	1474	436	10	10	0	0	60s	100	1	3030
r	1466	469	10	10	0	0	60s	100	1	3030
r	1471	487	10	10	0	0	60s	100	1	3030
r	1474	487	10	10	0	0	60s	100	1	3030
r	1453	492	10	10	0	0	60s	100	1	3030
r	1472	495	10	10	0	0	60s	100	1	3030
r	1471	499	10	10	0	0	60s	100	1	3030
r	1449	506	10	10	0	0	60s	100	1	3030
r	1447	512	10	10	0	0	60s	100	1	3030
r	1448	512	10	10	0	0	60s	100	1	3030
r	1444	520	10	10	0	0	60s	100	1	3030
r	1429	526	10	10	0	0	60s	100	1	3030
r	1410	554	10	10	0	0	60s	100	1	3030
r	1413	558	10	10	0	0	60s	100	1	3030
r	1402	566	10	10	0	0	60s	100	1	3030
r	1418	571	10	10	0	0	60s	100	1	3030
r	1423	575	10	10	0	0	60s	100	1	3030
r	1406	591	10	10	0	0	60s	100	1	3030
r	1401	599	10	10	0	0	60s	100	1	3030
r	1412	607	10	10	0	0	60s	100	1	3030
r	1414	610	10	10	0	0	60s	100	1	3030
r	1282	197	10	10	0	0	60s	100	1	3028
r	1277	198	10	10	0	0	60s	100	1	3028
r	1302	200	10	10	0	0	60s	100	1	3028
r	1271	207	10	10	0	0	60s	100	1	3028
r	1261	215	10	10	0	0	60s	100	1	3028
r	1275	224	10	10	0	0	60s	100	1	3028
r	1239	244	10	10	0	0	60s	100	1	3028
r	1246	265	10	10	0	0	60s	100	1	3028
r	1249	271	10	10	0	0	60s	100	1	3028
r	1252	277	10	10	0	0	60s	100	1	3028
r	1226	280	10	10	0	0	60s	100	1	3028
r	1247	281	10	10	0	0	60s	100	1	3028
r	1226	285	10	10	0	0	60s	100	1	3028
r	1245	291	10	10	0	0	60s	100	1	3028
r	1238	309	10	10	0	0	60s	100	1	3028
r	1220	323	10	10	0	0	60s	100	1	3028
r	1093	371	10	10	0	0	60s	100	1	3028
r	1113	374	10	10	0	0	60s	100	1	3028
r	1694	377	10	10	0	0	60s	100	1	3028
r	1701	378	10	10	0	0	60s	100	1	3028
r	1195	379	10	10	0	0	60s	100	1	3028
r	1207	381	10	10	0	0	60s	100	1	3028
r	1697	382	10	10	0	0	60s	100	1	3028
r	1687	384	10	10	0	0	60s	100	1	3028
r	1119	385	10	10	0	0	60s	100	1	3028
r	1184	387	10	10	0	0	60s	100	1	3028
r	1168	390	10	10	0	0	60s	100	1	3028
r	1656	390	10	10	0	0	60s	100	1	3028
r	1123	399	10	10	0	0	60s	100	1	3028
r	1169	400	10	10	0	0	60s	100	1	3028
r	1179	403	10	10	0	0	60s	100	1	3028
r	1221	403	10	10	0	0	60s	100	1	3028
r	1183	404	10	10	0	0	60s	100	1	3028
r	1184	407	10	10	0	0	60s	100	1	3028
r	1202	407	10	10	0	0	60s	100	1	3028
r	1230	410	10	10	0	0	60s	100	1	3028
r	1198	411	10	10	0	0	60s	100	1	3028
r	1673	421	10	10	0	0	60s	100	1	3028
r	1132	426	10	10	0	0	60s	100	1	3028
r	1195	432	10	10	0	0	60s	100	1	3028
r	1632	434	10	10	0	0	60s	100	1	3028
r	1202	435	10	10	0	0	60s	100	1	3028
r	1189	436	10	10	0	0	60s	100	1	3028
r	1219	436	10	10	0	0	60s	100	1	3028
r	1126	437	10	10	0	0	60s	100	1	3028
r	1166	438	10	10	0	0	60s	100	1	3028
r	1218	438	10	10	0	0	60s	100	1	3028
r	1158	444	10	10	0	0	60s	100	1	3028
r	1662	444	10	10	0	0	60s	100	1	3028
r	1202	448	10	10	0	0	60s	100	1	3028
r	1143	450	10	10	0	0	60s	100	1	3028
r	1165	450	10	10	0	0	60s	100	1	3028
r	1271	450	10	10	0	0	60s	100	1	3028
r	1188	451	10	10	0	0	60s	100	1	3028
r	1244	451	10	10	0	0	60s	100	1	3028
r	1264	451	10	10	0	0	60s	100	1	3028
r	1181	452	10	10	0	0	60s	100	1	3028
r	1238	452	10	10	0	0	60s	100	1	3028
r	1217	454	10	10	0	0	60s	100	1	3028
r	1626	456	10	10	0	0	60s	100	1	3028
r	1658	457	10	10	0	0	60s	100	1	3028
r	1653	462	10	10	0	0	60s	100	1	3028
r	1284	464	10	10	0	0	60s	100	1	3028
r	1634	464	10	10	0	0	60s	100	1	3028
r	1642	464	10	10	0	0	60s	100	1	3028
r	1658	464	10	10	0	0	60s	100	1	3028
r	1166	468	10	10	0	0	60s	100	1	3028
r	1194	469	10	10	0	0	60s	100	1	3028
r	1238	474	10	10	0	0	60s	100	1	3028
r	1223	475	10	10	0	0	60s	100	1	3028
r	1153	476	10	10	0	0	60s	100	1	3028
r	1163	482	10	10	0	0	60s	100	1	3028
r	1173	483	10	10	0	0	60s	100	1	3028
r	1238	484	10	10	0	0	60s	100	1	3028
r	1620	486	10	10	0	0	60s	100	1	3028
r	1660	489	10	10	0	0	60s	100	1	3028
r	1614	491	10	10	0	0	60s	100	1	3028
r	1170	500	10	10	0	0	60s	100	1	3028
r	1646	509	10	10	0	0	60s	100	1	3028
r	1189	534	10	10	0	0	60s	100	1	3028
r	1190	535	10	10	0	0	60s	100	1	3028
r	1213	537	10	10	0	0	60s	100	1	3028
r	1214	553	10	10	0	0	60s	100	1	3028
r	1200	556	10	10	0	0	60s	100	1	3028
r	1214	574	10	10	0	0	60s	100	1	3028
r	1025	134	10	10	0	0	60s	100	1	3012
r	889	139	10	10	0	0	60s	100	1	3012
r	918	144	10	10	0	0	60s	100	1	3012
r	1030	144	10	10	0	0	60s	100	1	3012
r	1021	150	10	10	0	0	60s	100	1	3012
r	861	156	10	10	0	0	60s	100	1	3012
r	910	166	10	10	0	0	60s	100	1	3012
r	995	166	10	10	0	0	60s	100	1	3012
r	1031	168	10	10	0	0	60s	100	1	3012
r	924	172	10	10	0	0	60s	100	1	3012
r	939	177	10	10	0	0	60s	100	1	3012
r	1022	178	10	10	0	0	60s	100	1	3012
r	1037	182	10	10	0	0	60s	100	1	3012
r	1024	186	10	10	0	0	60s	100	1	3012
r	926	188	10	10	0	0	60s	100	1	3012
r	1020	188	10	10	0	0	60s	100	1	3012
r	1063	191	10	10	0	0	60s	100	1	3012
r	880	197	10	10	0	0	60s	100	1	3012
r	1046	199	10	10	0	0	60s	100	1	3012
r	873	200	10	10	0	0	60s	100	1	3012
r	864	202	10	10	0	0	60s	100	1	3012
r	864	207	10	10	0	0	60s	100	1	3012
r	980	208	10	10	0	0	60s	100	1	3012
r	1024	208	10	10	0	0	60s	100	1	3012
r	884	215	10	10	0	0	60s	100	1	3012
r	847	219	10	10	0	0	60s	100	1	3012
r	962	219	10	10	0	0	60s	100	1	3012
r	964	219	10	10	0	0	60s	100	1	3012
r	981	223	10	10	0	0	60s	100	1	3012
r	918	231	10	10	0	0	60s	100	1	3012
r	1057	235	10	10	0	0	60s	100	1	3012
r	945	241	10	10	0	0	60s	100	1	3012
r	891	246	10	10	0	0	60s	100	1	3012
r	955	247	10	10	0	0	60s	100	1	3012
r	880	249	10	10	0	0	60s	100	1	3012
r	944	251	10	10	0	0	60s	100	1	3012
r	1018	255	10	10	0	0	60s	100	1	3012
r	1052	255	10	10	0	0	60s	100	1	3012
r	896	261	10	10	0	0	60s	100	1	3012
r	912	264	10	10	0	0	60s	100	1	3012
r	891	268	10	10	0	0	60s	100	1	3012
r	1015	269	10	10	0	0	60s	100	1	3012
r	877	274	10	10	0	0	60s	100	1	3012
r	862	277	10	10	0	0	60s	100	1	3012
r	817	280	10	10	0	0	60s	100	1	3012
r	893	283	10	10	0	0	60s	100	1	3012
r	796	286	10	10	0	0	60s	100	1	3012
r	1063	286	10	10	0	0	60s	100	1	3012
r	781	288	10	10	0	0	60s	100	1	3012
r	1026	289	10	10	0	0	60s	100	1	3012
r	807	292	10	10	0	0	60s	100	1	3012
r	999	293	10	10	0	0	60s	100	1	3012
r	803	294	10	10	0	0	60s	100	1	3012
r	814	296	10	10	0	0	60s	100	1	3012
r	1048	297	10	10	0	0	60s	100	1	3012
r	795	298	10	10	0	0	60s	100	1	3012
r	1018	308	10	10	0	0	60s	100	1	3012
r	1011	313	10	10	0	0	60s	100	1	3012
r	911	314	10	10	0	0	60s	100	1	3012
r	1005	316	10	10	0	0	60s	100	1	3012
r	1017	316	10	10	0	0	60s	100	1	3012
r	1032	326	10	10	0	0	60s	100	1	3012
r	779	332	10	10	0	0	60s	100	1	3012
r	860	332	10	10	0	0	60s	100	1	3012
r	888	342	10	10	0	0	60s	100	1	3012
r	1022	342	10	10	0	0	60s	100	1	3012
r	792	345	10	10	0	0	60s	100	1	3012
r	771	348	10	10	0	0	60s	100	1	3012
r	775	350	10	10	0	0	60s	100	1	3012
r	868	351	10	10	0	0	60s	100	1	3012
r	796	359	10	10	0	0	60s	100	1	3012
r	734	360	10	10	0	0	60s	100	1	3012
r	902	361	10	10	0	0	60s	100	1	3012
r	776	364	10	10	0	0	60s	100	1	3012
r	1038	368	10	10	0	0	60s	100	1	3012
r	730	369	10	10	0	0	60s	100	1	3012
r	916	370	10	10	0	0	60s	100	1	3012
r	1040	374	10	10	0	0	60s	100	1	3012
r	921	394	10	10	0	0	60s	100	1	3012
r	808	405	10	10	0	0	60s	100	1	3012
r	901	411	10	10	0	0	60s	100	1	3012
r	825	417	10	10	0	0	60s	100	1	3012
r	877	427	10	10	0	0	60s	100	1	3012
r	820	429	10	10	0	0	60s	100	1	3012
r	1026	431	10	10	0	0	60s	100	1	3012
r	868	443	10	10	0	0	60s	100	1	3012
r	1009	461	10	10	0	0	60s	100	1	3012
r	991	462	10	10	0	0	60s	100	1	3012
r	1024	466	10	10	0	0	60s	100	1	3012
r	999	471	10	10	0	0	60s	100	1	3012
r	808	481	10	10	0	0	60s	100	1	3012
r	1061	488	10	10	0	0	60s	100	1	3012
r	975	490	10	10	0	0	60s	100	1	3012
r	1042	490	10	10	0	0	60s	100	1	3012
r	1045	492	10	10	0	0	60s	100	1	3012
r	765	496	10	10	0	0	60s	100	1	3012
r	841	500	10	10	0	0	60s	100	1	3012
r	745	505	10	10	0	0	60s	100	1	3012
r	953	515	10	10	0	0	60s	100	1	3012
r	1055	518	10	10	0	0	60s	100	1	3012
r	1077	519	10	10	0	0	60s	100	1	3012
r	967	520	10	10	0	0	60s	100	1	3012
r	741	521	10	10	0	0	60s	100	1	3012
r	814	538	10	10	0	0	60s	100	1	3012
r	1089	538	10	10	0	0	60s	100	1	3012
r	1070	541	10	10	0	0	60s	100	1	3012
r	820	547	10	10	0	0	60s	100	1	3012
r	932	552	10	10	0	0	60s	100	1	3012
r	1073	552	10	10	0	0	60s	100	1	3012
r	1081	553	10	10	0	0	60s	100	1	3012
r	926	565	10	10	0	0	60s	100	1	3012
r	947	567	10	10	0	0	60s	100	1	3012
r	801	569	10	10	0	0	60s	100	1	3012
r	797	570	10	10	0	0	60s	100	1	3012
r	1083	571	10	10	0	0	60s	100	1	3012
r	939	576	10	10	0	0	60s	100	1	3012
r	1080	577	10	10	0	0	60s	100	1	3012
r	1101	580	10	10	0	0	60s	100	1	3012
r	916	584	10	10	0	0	60s	100	1	3012
r	1077	588	10	10	0	0	60s	100	1	3012
r	765	594	10	10	0	0	60s	100	1	3012
r	888	597	10	10	0	0	60s	100	1	3012
r	778	604	10	10	0	0	60s	100	1	3012
r	778	606	10	10	0	0	60s	100	1	3012
r	765	620	10	10	0	0	60s	100	1	3012
r	749	621	10	10	0	0	60s	100	1	3012
r	870	624	10	10	0	0	60s	100	1	3012
r	895	626	10	10	0	0	60s	100	1	3012
r	1120	630	10	10	0	0	60s	100	1	3012
r	868	631	10	10	0	0	60s	100	1	3012
r	893	631	10	10	0	0	60s	100	1	3012
r	1136	634	10	10	0	0	60s	100	1	3012
r	1112	636	10	10	0	0	60s	100	1	3012
r	970	642	10	10	0	0	60s	100	1	3012
r	985	645	10	10	0	0	60s	100	1	3012
r	1009	645	10	10	0	0	60s	100	1	3012
r	965	650	10	10	0	0	60s	100	1	3012
r	1023	654	10	10	0	0	60s	100	1	3012
r	1125	654	10	10	0	0	60s	100	1	3012
r	889	669	10	10	0	0	60s	100	1	3012
r	969	671	10	10	0	0	60s	100	1	3012
r	981	683	10	10	0	0	60s	100	1	3012
r	871	684	10	10	0	0	60s	100	1	3012
r	958	687	10	10	0	0	60s	100	1	3012
r	1021	687	10	10	0	0	60s	100	1	3012
r	961	691	10	10	0	0	60s	100	1	3012
r	1024	695	10	10	0	0	60s	100	1	3012
r	998	705	10	10	0	0	60s	100	1	3012
r	743	706	10	10	0	0	60s	100	1	3012
r	889	706	10	10	0	0	60s	100	1	3012
r	1014	709	10	10	0	0	60s	100	1	3012
r	880	711	10	10	0	0	60s	100	1	3012
r	1021	714	10	10	0	0	60s	100	1	3012
r	737	715	10	10	0	0	60s	100	1	3012
r	1017	716	10	10	0	0	60s	100	1	3012
r	1129	721	10	10	0	0	60s	100	1	3012
r	733	722	10	10	0	0	60s	100	1	3012
r	880	724	10	10	0	0	60s	100	1	3012
r	1000	724	10	10	0	0	60s	100	1	3012
r	1098	729	10	10	0	0	60s	100	1	3012
r	1015	738	10	10	0	0	60s	100	1	3012
r	889	752	10	10	0	0	60s	100	1	3012
r	910	771	10	10	0	0	60s	100	1	3012
r	993	773	10	10	0	0	60s	100	1	3012
r	1098	776	10	10	0	0	60s	100	1	3012
r	1074	777	10	10	0	0	60s	100	1	3012
r	740	779	10	10	0	0	60s	100	1	3012
r	723	782	10	10	0	0	60s	100	1	3012
r	941	783	10	10	0	0	60s	100	1	3012
r	732	787	10	10	0	0	60s	100	1	3012
r	917	789	10	10	0	0	60s	100	1	3012
r	970	794	10	10	0	0	60s	100	1	3012
r	1026	794	10	10	0	0	60s	100	1	3012
r	794	795	10	10	0	0	60s	100	1	3012
r	999	804	10	10	0	0	60s	100	1	3012
r	1061	809	10	10	0	0	60s	100	1	3012
r	752	816	10	10	0	0	60s	100	1	3012
r	788	816	10	10	0	0	60s	100	1	3012
r	988	819	10	10	0	0	60s	100	1	3012
r	787	822	10	10	0	0	60s	100	1	3012
r	753	828	10	10	0	0	60s	100	1	3012
r	1010	833	10	10	0	0	60s	100	1	3012
r	1004	837	10	10	0	0	60s	100	1	3012
r	1065	839	10	10	0	0	60s	100	1	3012
r	723	840	10	10	0	0	60s	100	1	3012
r	722	848	10	10	0	0	60s	100	1	3012
r	784	153	10	10	0	0	60s	100	1	3011
r	795	158	10	10	0	0	60s	100	1	3011
r	781	160	10	10	0	0	60s	100	1	3011
r	805	171	10	10	0	0	60s	100	1	3011
r	772	176	10	10	0	0	60s	100	1	3011
r	812	177	10	10	0	0	60s	100	1	3011
r	765	180	10	10	0	0	60s	100	1	3011
r	820	180	10	10	0	0	60s	100	1	3011
r	818	181	10	10	0	0	60s	100	1	3011
r	744	189	10	10	0	0	60s	100	1	3011
r	784	191	10	10	0	0	60s	100	1	3011
r	825	192	10	10	0	0	60s	100	1	3011
r	839	192	10	10	0	0	60s	100	1	3011
r	721	196	10	10	0	0	60s	100	1	3011
r	773	198	10	10	0	0	60s	100	1	3011
r	774	198	10	10	0	0	60s	100	1	3011
r	731	199	10	10	0	0	60s	100	1	3011
r	794	201	10	10	0	0	60s	100	1	3011
r	728	206	10	10	0	0	60s	100	1	3011
r	792	207	10	10	0	0	60s	100	1	3011
r	833	216	10	10	0	0	60s	100	1	3011
r	819	218	10	10	0	0	60s	100	1	3011
r	797	220	10	10	0	0	60s	100	1	3011
r	843	225	10	10	0	0	60s	100	1	3011
r	795	228	10	10	0	0	60s	100	1	3011
r	824	228	10	10	0	0	60s	100	1	3011
r	762	231	10	10	0	0	60s	100	1	3011
r	741	233	10	10	0	0	60s	100	1	3011
r	757	243	10	10	0	0	60s	100	1	3011
r	766	251	10	10	0	0	60s	100	1	3011
r	766	255	10	10	0	0	60s	100	1	3011
r	733	256	10	10	0	0	60s	100	1	3011
r	770	259	10	10	0	0	60s	100	1	3011
r	724	262	10	10	0	0	60s	100	1	3011
r	745	262	10	10	0	0	60s	100	1	3011
r	767	264	10	10	0	0	60s	100	1	3011
r	738	265	10	10	0	0	60s	100	1	3011
r	752	269	10	10	0	0	60s	100	1	3011
r	787	270	10	10	0	0	60s	100	1	3011
r	761	275	10	10	0	0	60s	100	1	3011
r	797	275	10	10	0	0	60s	100	1	3011
r	602	278	10	10	0	0	60s	100	1	3011
r	741	279	10	10	0	0	60s	100	1	3011
r	742	279	10	10	0	0	60s	100	1	3011
r	739	282	10	10	0	0	60s	100	1	3011
r	611	284	10	10	0	0	60s	100	1	3011
r	702	285	10	10	0	0	60s	100	1	3011
r	763	286	10	10	0	0	60s	100	1	3011
r	1107	288	10	10	0	0	60s	100	1	3011
r	595	291	10	10	0	0	60s	100	1	3011
r	706	291	10	10	0	0	60s	100	1	3011
r	750	294	10	10	0	0	60s	100	1	3011
r	718	295	10	10	0	0	60s	100	1	3011
r	583	296	10	10	0	0	60s	100	1	3011
r	694	297	10	10	0	0	60s	100	1	3011
r	681	299	10	10	0	0	60s	100	1	3011
r	582	302	10	10	0	0	60s	100	1	3011
r	604	302	10	10	0	0	60s	100	1	3011
r	1091	302	10	10	0	0	60s	100	1	3011
r	637	305	10	10	0	0	60s	100	1	3011
r	636	306	10	10	0	0	60s	100	1	3011
r	1110	306	10	10	0	0	60s	100	1	3011
r	564	307	10	10	0	0	60s	100	1	3011
r	725	307	10	10	0	0	60s	100	1	3011
r	561	310	10	10	0	0	60s	100	1	3011
r	718	312	10	10	0	0	60s	100	1	3011
r	599	314	10	10	0	0	60s	100	1	3011
r	610	317	10	10	0	0	60s	100	1	3011
r	579	323	10	10	0	0	60s	100	1	3011
r	1110	324	10	10	0	0	60s	100	1	3011
r	567	325	10	10	0	0	60s	100	1	3011
r	1112	325	10	10	0	0	60s	100	1	3011
r	613	329	10	10	0	0	60s	100	1	3011
r	589	331	10	10	0	0	60s	100	1	3011
r	1120	334	10	10	0	0	60s	100	1	3011
r	551	348	10	10	0	0	60s	100	1	3011
r	552	348	10	10	0	0	60s	100	1	3011
r	589	356	10	10	0	0	60s	100	1	3011
r	1075	358	10	10	0	0	60s	100	1	3011
r	571	364	10	10	0	0	60s	100	1	3011
r	1052	370	10	10	0	0	60s	100	1	3011
r	1054	371	10	10	0	0	60s	100	1	3011
r	530	385	10	10	0	0	60s	100	1	3011
r	528	392	10	10	0	0	60s	100	1	3011
r	573	393	10	10	0	0	60s	100	1	3011
r	538	406	10	10	0	0	60s	100	1	3011
r	557	407	10	10	0	0	60s	100	1	3011
r	598	451	10	10	0	0	60s	100	1	3011
r	583	464	10	10	0	0	60s	100	1	3011
r	614	468	10	10	0	0	60s	100	1	3011
r	584	476	10	10	0	0	60s	100	1	3011
r	576	478	10	10	0	0	60s	100	1	3011
r	577	479	10	10	0	0	60s	100	1	3011
r	599	482	10	10	0	0	60s	100	1	3011
r	587	488	10	10	0	0	60s	100	1	3011
r	649	499	10	10	0	0	60s	100	1	3011
r	629	501	10	10	0	0	60s	100	1	3011
r	655	501	10	10	0	0	60s	100	1	3011
r	614	502	10	10	0	0	60s	100	1	3011
r	706	504	10	10	0	0	60s	100	1	3011
r	668	524	10	10	0	0	60s	100	1	3011
r	694	524	10	10	0	0	60s	100	1	3011
r	625	525	10	10	0	0	60s	100	1	3011
r	623	529	10	10	0	0	60s	100	1	3011
r	642	532	10	10	0	0	60s	100	1	3011
r	639	533	10	10	0	0	60s	100	1	3011
r	708	537	10	10	0	0	60s	100	1	3011
r	645	542	10	10	0	0	60s	100	1	3011
r	695	542	10	10	0	0	60s	100	1	3011
r	716	543	10	10	0	0	60s	100	1	3011
r	738	548	10	10	0	0	60s	100	1	3011
r	665	549	10	10	0	0	60s	100	1	3011
r	702	549	10	10	0	0	60s	100	1	3011
r	741	561	10	10	0	0	60s	100	1	3011
r	733	562	10	10	0	0	60s	100	1	3011
r	636	563	10	10	0	0	60s	100	1	3011
r	602	566	10	10	0	0	60s	100	1	3011
r	687	569	10	10	0	0	60s	100	1	3011
r	664	575	10	10	0	0	60s	100	1	3011
r	729	580	10	10	0	0	60s	100	1	3011
r	624	581	10	10	0	0	60s	100	1	3011
r	628	582	10	10	0	0	60s	100	1	3011
r	741	585	10	10	0	0	60s	100	1	3011
r	670	586	10	10	0	0	60s	100	1	3011
r	731	587	10	10	0	0	60s	100	1	3011
r	705	590	10	10	0	0	60s	100	1	3011
r	697	591	10	10	0	0	60s	100	1	3011
r	732	600	10	10	0	0	60s	100	1	3011
r	697	603	10	10	0	0	60s	100	1	3011
r	613	607	10	10	0	0	60s	100	1	3011
r	721	607	10	10	0	0	60s	100	1	3011
r	631	610	10	10	0	0	60s	100	1	3011
r	641	619	10	10	0	0	60s	100	1	3011
r	698	621	10	10	0	0	60s	100	1	3011
r	636	622	10	10	0	0	60s	100	1	3011
r	721	622	10	10	0	0	60s	100	1	3011
r	623	623	10	10	0	0	60s	100	1	3011
r	629	624	10	10	0	0	60s	100	1	3011
r	682	626	10	10	0	0	60s	100	1	3011
r	629	634	10	10	0	0	60s	100	1	3011
r	632	634	10	10	0	0	60s	100	1	3011
r	646	634	10	10	0	0	60s	100	1	3011
r	683	779	10	10	0	0	60s	100	1	3011
r	696	779	10	10	0	0	60s	100	1	3011
r	692	792	10	10	0	0	60s	100	1	3011
r	634	809	10	10	0	0	60s	100	1	3011
r	562	816	10	10	0	0	60s	100	1	3011
r	631	824	10	10	0	0	60s	100	1	3011
r	675	825	10	10	0	0	60s	100	1	3011
r	685	826	10	10	0	0	60s	100	1	3011
r	638	828	10	10	0	0	60s	100	1	3011
r	615	829	10	10	0	0	60s	100	1	3011
r	563	837	10	10	0	0	60s	100	1	3011
r	634	842	10	10	0	0	60s	100	1	3011
r	668	844	10	10	0	0	60s	100	1	3011
r	604	847	10	10	0	0	60s	100	1	3011
r	589	850	10	10	0	0	60s	100	1	3011
r	680	851	10	10	0	0	60s	100	1	3011
r	691	854	10	10	0	0	60s	100	1	3011
r	450	211	10	10	0	0	60s	100	1	3004
r	446	216	10	10	0	0	60s	100	1	3004
r	444	221	10	10	0	0	60s	100	1	3004
r	429	229	10	10	0	0	60s	100	1	3004
r	414	250	10	10	0	0	60s	100	1	3004
r	425	255	10	10	0	0	60s	100	1	3004
r	376	279	10	10	0	0	60s	100	1	3004
r	369	287	10	10	0	0	60s	100	1	3004
r	377	287	10	10	0	0	60s	100	1	3004
r	392	290	10	10	0	0	60s	100	1	3004
r	378	292	10	10	0	0	60s	100	1	3004
r	363	302	10	10	0	0	60s	100	1	3004
r	200	586	10	10	0	0	60s	100	1	3004
r	213	599	10	10	0	0	60s	100	1	3004
r	190	600	10	10	0	0	60s	100	1	3004
r	189	610	10	10	0	0	60s	100	1	3004
r	202	621	10	10	0	0	60s	100	1	3004
r	220	626	10	10	0	0	60s	100	1	3004
r	185	633	10	10	0	0	60s	100	1	3004
r	192	636	10	10	0	0	60s	100	1	3004
r	192	644	10	10	0	0	60s	100	1	3004
r	209	647	10	10	0	0	60s	100	1	3004
r	208	648	10	10	0	0	60s	100	1	3004
r	232	656	10	10	0	0	60s	100	1	3004
r	283	657	10	10	0	0	60s	100	1	3004
r	290	672	10	10	0	0	60s	100	1	3004
r	214	680	10	10	0	0	60s	100	1	3004
r	233	684	10	10	0	0	60s	100	1	3004
r	259	684	10	10	0	0	60s	100	1	3004
r	307	684	10	10	0	0	60s	100	1	3004
r	279	689	10	10	0	0	60s	100	1	3004
r	253	694	10	10	0	0	60s	100	1	3004
r	274	695	10	10	0	0	60s	100	1	3004
r	264	705	10	10	0	0	60s	100	1	3004
r	257	716	10	10	0	0	60s	100	1	3004
r	271	721	10	10	0	0	60s	100	1	3004
r	288	725	10	10	0	0	60s	100	1	3004
r	285	738	10	10	0	0	60s	100	1	3004
r	242	161	10	10	0	0	60s	100	1	3005
r	240	185	10	10	0	0	60s	100	1	3005
r	244	186	10	10	0	0	60s	100	1	3005
r	307	197	10	10	0	0	60s	100	1	3005
r	300	204	10	10	0	0	60s	100	1	3005
r	309	204	10	10	0	0	60s	100	1	3005
r	292	212	10	10	0	0	60s	100	1	3005
r	325	214	10	10	0	0	60s	100	1	3005
r	287	227	10	10	0	0	60s	100	1	3005
r	293	238	10	10	0	0	60s	100	1	3005
r	301	246	10	10	0	0	60s	100	1	3005
r	304	254	10	10	0	0	60s	100	1	3005
r	290	264	10	10	0	0	60s	100	1	3005
r	283	267	10	10	0	0	60s	100	1	3005
r	291	269	10	10	0	0	60s	100	1	3005
r	301	300	10	10	0	0	60s	100	1	3005
r	356	312	10	10	0	0	60s	100	1	3005
r	398	330	10	10	0	0	60s	100	1	3005
r	389	349	10	10	0	0	60s	100	1	3005
r	394	349	10	10	0	0	60s	100	1	3005
r	345	357	10	10	0	0	60s	100	1	3005
r	382	361	10	10	0	0	60s	100	1	3005
r	373	365	10	10	0	0	60s	100	1	3005
r	331	374	10	10	0	0	60s	100	1	3005
r	331	379	10	10	0	0	60s	100	1	3005
r	333	389	10	10	0	0	60s	100	1	3005
r	162	395	10	10	0	0	60s	100	1	3005
r	350	398	10	10	0	0	60s	100	1	3005
r	359	398	10	10	0	0	60s	100	1	3005
r	127	404	10	10	0	0	60s	100	1	3005
r	360	407	10	10	0	0	60s	100	1	3005
r	158	410	10	10	0	0	60s	100	1	3005
r	345	417	10	10	0	0	60s	100	1	3005
r	340	419	10	10	0	0	60s	100	1	3005
r	336	427	10	10	0	0	60s	100	1	3005
r	356	436	10	10	0	0	60s	100	1	3005
r	136	437	10	10	0	0	60s	100	1	3005
r	322	438	10	10	0	0	60s	100	1	3005
r	362	448	10	10	0	0	60s	100	1	3005
r	317	462	10	10	0	0	60s	100	1	3005
r	162	464	10	10	0	0	60s	100	1	3005
r	323	468	10	10	0	0	60s	100	1	3005
r	338	468	10	10	0	0	60s	100	1	3005
r	158	469	10	10	0	0	60s	100	1	3005
r	138	471	10	10	0	0	60s	100	1	3005
r	132	476	10	10	0	0	60s	100	1	3005
r	154	476	10	10	0	0	60s	100	1	3005
r	326	478	10	10	0	0	60s	100	1	3005
r	159	483	10	10	0	0	60s	100	1	3005
r	186	486	10	10	0	0	60s	100	1	3005
r	178	487	10	10	0	0	60s	100	1	3005
r	181	490	10	10	0	0	60s	100	1	3005
r	350	492	10	10	0	0	60s	100	1	3005
r	200	494	10	10	0	0	60s	100	1	3005
r	312	496	10	10	0	0	60s	100	1	3005
r	208	498	10	10	0	0	60s	100	1	3005
r	167	499	10	10	0	0	60s	100	1	3005
r	324	505	10	10	0	0	60s	100	1	3005
r	332	511	10	10	0	0	60s	100	1	3005
r	339	517	10	10	0	0	60s	100	1	3005
r	221	523	10	10	0	0	60s	100	1	3005
r	305	540	10	10	0	0	60s	100	1	3005
r	328	552	10	10	0	0	60s	100	1	3005
r	332	555	10	10	0	0	60s	100	1	3005
r	300	564	10	10	0	0	60s	100	1	3005
r	315	570	10	10	0	0	60s	100	1	3005
r	259	603	10	10	0	0	60s	100	1	3005
r	192	131	10	10	0	0	60s	100	1	3006
r	219	133	10	10	0	0	60s	100	1	3006
r	139	141	10	10	0	0	60s	100	1	3006
r	156	141	10	10	0	0	60s	100	1	3006
r	134	144	10	10	0	0	60s	100	1	3006
r	217	144	10	10	0	0	60s	100	1	3006
r	127	153	10	10	0	0	60s	100	1	3006
r	202	157	10	10	0	0	60s	100	1	3006
r	205	158	10	10	0	0	60s	100	1	3006
r	192	162	10	10	0	0	60s	100	1	3006
r	216	171	10	10	0	0	60s	100	1	3006
r	222	171	10	10	0	0	60s	100	1	3006
r	157	172	10	10	0	0	60s	100	1	3006
r	182	172	10	10	0	0	60s	100	1	3006
r	141	180	10	10	0	0	60s	100	1	3006
r	144	184	10	10	0	0	60s	100	1	3006
r	200	188	10	10	0	0	60s	100	1	3006
r	168	195	10	10	0	0	60s	100	1	3006
r	138	204	10	10	0	0	60s	100	1	3006
r	147	204	10	10	0	0	60s	100	1	3006
r	173	204	10	10	0	0	60s	100	1	3006
r	137	210	10	10	0	0	60s	100	1	3006
r	167	216	10	10	0	0	60s	100	1	3006
r	139	225	10	10	0	0	60s	100	1	3006
r	162	234	10	10	0	0	60s	100	1	3006
r	176	234	10	10	0	0	60s	100	1	3006
r	141	239	10	10	0	0	60s	100	1	3006
r	136	245	10	10	0	0	60s	100	1	3006
r	158	254	10	10	0	0	60s	100	1	3006
r	132	257	10	10	0	0	60s	100	1	3006
r	183	257	10	10	0	0	60s	100	1	3006
r	171	260	10	10	0	0	60s	100	1	3006
r	179	260	10	10	0	0	60s	100	1	3006
r	133	272	10	10	0	0	60s	100	1	3006
r	194	278	10	10	0	0	60s	100	1	3006
r	141	296	10	10	0	0	60s	100	1	3006
r	121	300	10	10	0	0	60s	100	1	3006
r	147	301	10	10	0	0	60s	100	1	3006
r	177	316	10	10	0	0	60s	100	1	3006
r	156	328	10	10	0	0	60s	100	1	3006
r	152	329	10	10	0	0	60s	100	1	3006
r	129	342	10	10	0	0	60s	100	1	3006
r	136	348	10	10	0	0	60s	100	1	3006
r	138	352	10	10	0	0	60s	100	1	3006
r	155	353	10	10	0	0	60s	100	1	3006
r	149	362	10	10	0	0	60s	100	1	3006
r	138	385	10	10	0	0	60s	100	1	3006
r	1144	296	10	10	0	0	60s	100	1	3010
r	1157	303	10	10	0	0	60s	100	1	3010
r	1146	305	10	10	0	0	60s	100	1	3010
r	1147	309	10	10	0	0	60s	100	1	3010
r	1178	309	10	10	0	0	60s	100	1	3010
r	1174	315	10	10	0	0	60s	100	1	3010
r	1187	315	10	10	0	0	60s	100	1	3010
r	1156	316	10	10	0	0	60s	100	1	3010
r	1167	321	10	10	0	0	60s	100	1	3010
r	1150	335	10	10	0	0	60s	100	1	3010
r	1144	337	10	10	0	0	60s	100	1	3010
r	1201	341	10	10	0	0	60s	100	1	3010
r	1141	342	10	10	0	0	60s	100	1	3010
r	1189	344	10	10	0	0	60s	100	1	3010
r	1189	347	10	10	0	0	60s	100	1	3010
r	1155	348	10	10	0	0	60s	100	1	3010
r	1192	352	10	10	0	0	60s	100	1	3010
r	1184	357	10	10	0	0	60s	100	1	3010
r	1183	367	10	10	0	0	60s	100	1	3010
r	1188	368	10	10	0	0	60s	100	1	3010
r	515	407	10	10	0	0	60s	100	1	3010
r	518	426	10	10	0	0	60s	100	1	3010
r	511	427	10	10	0	0	60s	100	1	3010
r	524	429	10	10	0	0	60s	100	1	3010
r	505	436	10	10	0	0	60s	100	1	3010
r	508	443	10	10	0	0	60s	100	1	3010
r	516	446	10	10	0	0	60s	100	1	3010
r	522	456	10	10	0	0	60s	100	1	3010
r	517	462	10	10	0	0	60s	100	1	3010
r	489	463	10	10	0	0	60s	100	1	3010
r	492	463	10	10	0	0	60s	100	1	3010
r	537	466	10	10	0	0	60s	100	1	3010
r	489	468	10	10	0	0	60s	100	1	3010
r	519	473	10	10	0	0	60s	100	1	3010
r	509	485	10	10	0	0	60s	100	1	3010
r	472	487	10	10	0	0	60s	100	1	3010
r	496	489	10	10	0	0	60s	100	1	3010
r	497	489	10	10	0	0	60s	100	1	3010
r	507	496	10	10	0	0	60s	100	1	3010
r	476	501	10	10	0	0	60s	100	1	3010
r	510	517	10	10	0	0	60s	100	1	3010
r	475	522	10	10	0	0	60s	100	1	3010
r	481	525	10	10	0	0	60s	100	1	3010
r	496	532	10	10	0	0	60s	100	1	3010
r	496	549	10	10	0	0	60s	100	1	3010
r	511	549	10	10	0	0	60s	100	1	3010
r	507	550	10	10	0	0	60s	100	1	3010
r	477	564	10	10	0	0	60s	100	1	3010
r	484	572	10	10	0	0	60s	100	1	3010
r	532	572	10	10	0	0	60s	100	1	3010
r	493	574	10	10	0	0	60s	100	1	3010
r	506	585	10	10	0	0	60s	100	1	3010
r	522	586	10	10	0	0	60s	100	1	3010
r	453	593	10	10	0	0	60s	100	1	3010
r	475	595	10	10	0	0	60s	100	1	3010
r	531	595	10	10	0	0	60s	100	1	3010
r	530	598	10	10	0	0	60s	100	1	3010
r	457	599	10	10	0	0	60s	100	1	3010
r	503	608	10	10	0	0	60s	100	1	3010
r	515	611	10	10	0	0	60s	100	1	3010
r	480	613	10	10	0	0	60s	100	1	3010
r	519	614	10	10	0	0	60s	100	1	3010
r	488	617	10	10	0	0	60s	100	1	3010
r	493	618	10	10	0	0	60s	100	1	3010
r	516	620	10	10	0	0	60s	100	1	3010
r	479	621	10	10	0	0	60s	100	1	3010
r	513	626	10	10	0	0	60s	100	1	3010
r	504	628	10	10	0	0	60s	100	1	3010
r	482	640	10	10	0	0	60s	100	1	3010
r	472	641	10	10	0	0	60s	100	1	3010
r	500	648	10	10	0	0	60s	100	1	3010
r	477	657	10	10	0	0	60s	100	1	3010
r	492	662	10	10	0	0	60s	100	1	3010
r	495	668	10	10	0	0	60s	100	1	3010
r	485	688	10	10	0	0	60s	100	1	3010
r	481	690	10	10	0	0	60s	100	1	3010
r	460	696	10	10	0	0	60s	100	1	3010
r	474	702	10	10	0	0	60s	100	1	3010
r	471	706	10	10	0	0	60s	100	1	3010
r	477	707	10	10	0	0	60s	100	1	3010
r	473	712	10	10	0	0	60s	100	1	3010
r	457	718	10	10	0	0	60s	100	1	3010
r	461	720	10	10	0	0	60s	100	1	3010
r	462	725	10	10	0	0	60s	100	1	3010
r	468	728	10	10	0	0	60s	100	1	3010
r	461	731	10	10	0	0	60s	100	1	3010
r	473	733	10	10	0	0	60s	100	1	3010
r	344	734	10	10	0	0	60s	100	1	3010
r	347	737	10	10	0	0	60s	100	1	3010
r	303	742	10	10	0	0	60s	100	1	3010
r	403	742	10	10	0	0	60s	100	1	3010
r	306	744	10	10	0	0	60s	100	1	3010
r	409	750	10	10	0	0	60s	100	1	3010
r	435	750	10	10	0	0	60s	100	1	3010
r	319	751	10	10	0	0	60s	100	1	3010
r	309	753	10	10	0	0	60s	100	1	3010
r	355	753	10	10	0	0	60s	100	1	3010
r	455	755	10	10	0	0	60s	100	1	3010
r	466	759	10	10	0	0	60s	100	1	3010
r	312	760	10	10	0	0	60s	100	1	3010
r	316	760	10	10	0	0	60s	100	1	3010
r	323	760	10	10	0	0	60s	100	1	3010
r	294	763	10	10	0	0	60s	100	1	3010
r	402	766	10	10	0	0	60s	100	1	3010
r	370	768	10	10	0	0	60s	100	1	3010
r	297	769	10	10	0	0	60s	100	1	3010
r	343	769	10	10	0	0	60s	100	1	3010
r	367	771	10	10	0	0	60s	100	1	3010
r	386	773	10	10	0	0	60s	100	1	3010
r	302	774	10	10	0	0	60s	100	1	3010
r	324	774	10	10	0	0	60s	100	1	3010
r	390	774	10	10	0	0	60s	100	1	3010
r	433	774	10	10	0	0	60s	100	1	3010
r	340	776	10	10	0	0	60s	100	1	3010
r	373	777	10	10	0	0	60s	100	1	3010
r	414	779	10	10	0	0	60s	100	1	3010
r	359	781	10	10	0	0	60s	100	1	3010
r	329	783	10	10	0	0	60s	100	1	3010
r	382	785	10	10	0	0	60s	100	1	3010
r	354	787	10	10	0	0	60s	100	1	3010
r	369	787	10	10	0	0	60s	100	1	3010
r	310	789	10	10	0	0	60s	100	1	3010
r	345	793	10	10	0	0	60s	100	1	3010
r	360	795	10	10	0	0	60s	100	1	3010
r	375	795	10	10	0	0	60s	100	1	3010
r	411	796	10	10	0	0	60s	100	1	3010
r	400	803	10	10	0	0	60s	100	1	3010
r	358	807	10	10	0	0	60s	100	1	3010
r	385	809	10	10	0	0	60s	100	1	3010
r	369	810	10	10	0	0	60s	100	1	3010
r	358	811	10	10	0	0	60s	100	1	3010
r	538	815	10	10	0	0	60s	100	1	3010
r	357	816	10	10	0	0	60s	100	1	3010
r	539	817	10	10	0	0	60s	100	1	3010
r	353	818	10	10	0	0	60s	100	1	3010
r	363	820	10	10	0	0	60s	100	1	3010
r	418	821	10	10	0	0	60s	100	1	3010
r	533	823	10	10	0	0	60s	100	1	3010
r	494	829	10	10	0	0	60s	100	1	3010
r	533	829	10	10	0	0	60s	100	1	3010
r	419	831	10	10	0	0	60s	100	1	3010
r	506	831	10	10	0	0	60s	100	1	3010
r	544	832	10	10	0	0	60s	100	1	3010
r	428	835	10	10	0	0	60s	100	1	3010
r	446	835	10	10	0	0	60s	100	1	3010
r	489	838	10	10	0	0	60s	100	1	3010
r	530	838	10	10	0	0	60s	100	1	3010
r	534	842	10	10	0	0	60s	100	1	3010
r	539	842	10	10	0	0	60s	100	1	3010
r	435	843	10	10	0	0	60s	100	1	3010
r	469	843	10	10	0	0	60s	100	1	3010
r	427	844	10	10	0	0	60s	100	1	3010
r	434	845	10	10	0	0	60s	100	1	3010
r	535	845	10	10	0	0	60s	100	1	3010
r	393	848	10	10	0	0	60s	100	1	3010
r	490	849	10	10	0	0	60s	100	1	3010
r	516	849	10	10	0	0	60s	100	1	3010
r	488	850	10	10	0	0	60s	100	1	3010
r	506	850	10	10	0	0	60s	100	1	3010
r	389	853	10	10	0	0	60s	100	1	3010
r	426	853	10	10	0	0	60s	100	1	3010
r	448	853	10	10	0	0	60s	100	1	3010
r	499	853	10	10	0	0	60s	100	1	3010
r	404	855	10	10	0	0	60s	100	1	3010
r	485	857	10	10	0	0	60s	100	1	3010
r	463	861	10	10	0	0	60s	100	1	3010
r	497	861	10	10	0	0	60s	100	1	3010

g	1411	357	20	20	0	0	1800s	100	1	3098
g	1498	226	20	20	0	0	1800s	100	1	3099
g	1023	692	20	20	0	0	1800s	100	1	3038
g	776	351	20	20	0	0	1800s	100	1	3039
