ga	119	395	10	10	0	0	1s	100	1	6066
ga	125	387	10	10	0	0	1s	100	1	6066
ga	114	386	10	10	0	0	1s	100	1	6066
ga	105	396	10	10	0	0	1s	100	1	6066
ga	106	407	10	10	0	0	1s	100	1	6066
ga	117	405	10	10	0	0	1s	100	1	6066
ga	124	402	10	10	0	0	1s	100	1	6066
ga	134	400	10	10	0	0	1s	100	1	6066
ga	136	391	10	10	0	0	1s	100	1	6066
ga	139	382	10	10	0	0	1s	100	1	6066
ga	148	388	10	10	0	0	1s	100	1	6066
ga	152	387	10	10	0	0	1s	100	1	6066
ga	153	383	10	10	0	0	1s	100	1	6066
ga	149	377	10	10	0	0	1s	100	1	6066
ga	153	373	10	10	0	0	1s	100	1	6066
ga	156	375	10	10	0	0	1s	100	1	6066
ga	156	375	10	10	0	0	1s	100	1	6066
ga	165	386	10	10	0	0	1s	100	1	6066
ga	174	378	10	10	0	0	1s	100	1	6066
ga	170	372	10	10	0	0	1s	100	1	6066
ga	165	365	10	10	0	0	1s	100	1	6066
ga	170	364	10	10	0	0	1s	100	1	6066
ga	176	362	10	10	0	0	1s	100	1	6066
ga	183	362	10	10	0	0	1s	100	1	6066
ga	186	364	10	10	0	0	1s	100	1	6066
ga	192	361	10	10	0	0	1s	100	1	6066
ga	193	356	10	10	0	0	1s	100	1	6066
ga	194	349	10	10	0	0	1s	100	1	6066
ga	195	344	10	10	0	0	1s	100	1	6066
ga	203	338	10	10	0	0	1s	100	1	6066
ga	209	338	10	10	0	0	1s	100	1	6066
ga	212	333	10	10	0	0	1s	100	1	6066
ga	212	328	10	10	0	0	1s	100	1	6066
ga	219	327	10	10	0	0	1s	100	1	6066
ga	218	323	10	10	0	0	1s	100	1	6066
ga	218	318	10	10	0	0	1s	100	1	6066
ga	224	313	10	10	0	0	1s	100	1	6066
ga	231	314	10	10	0	0	1s	100	1	6066
ga	234	308	10	10	0	0	1s	100	1	6066
ga	233	303	10	10	0	0	1s	100	1	6066
ga	239	302	10	10	0	0	1s	100	1	6066
ga	239	297	10	10	0	0	1s	100	1	6066
ga	244	294	10	10	0	0	1s	100	1	6066
ga	241	289	10	10	0	0	1s	100	1	6066
ga	245	286	10	10	0	0	1s	100	1	6066
ga	247	288	10	10	0	0	1s	100	1	6066
ga	245	292	10	10	0	0	1s	100	1	6066
ga	241	296	10	10	0	0	1s	100	1	6066
ga	243	277	10	10	0	0	1s	100	1	6066
ga	246	271	10	10	0	0	1s	100	1	6066
ga	242	265	10	10	0	0	1s	100	1	6066
ga	244	259	10	10	0	0	1s	100	1	6066
ga	242	254	10	10	0	0	1s	100	1	6066
ga	241	249	10	10	0	0	1s	100	1	6066
ga	239	247	10	10	0	0	1s	100	1	6066
ga	241	243	10	10	0	0	1s	100	1	6066
ga	238	240	10	10	0	0	1s	100	1	6066
ga	236	230	10	10	0	0	1s	100	1	6066
ga	232	223	10	10	0	0	1s	100	1	6066
ga	238	218	10	10	0	0	1s	100	1	6066
ga	240	215	10	10	0	0	1s	100	1	6066
ga	246	212	10	10	0	0	1s	100	1	6066
ga	253	211	10	10	0	0	1s	100	1	6066
ga	256	207	10	10	0	0	1s	100	1	6066
ga	272	206	10	10	0	0	1s	100	1	6066
ga	276	211	10	10	0	0	1s	100	1	6066
ga	283	215	10	10	0	0	1s	100	1	6066
ga	285	221	10	10	0	0	1s	100	1	6066
ga	293	225	10	10	0	0	1s	100	1	6066
ga	293	229	10	10	0	0	1s	100	1	6066
ga	300	234	10	10	0	0	1s	100	1	6066
ga	307	232	10	10	0	0	1s	100	1	6066
ga	312	243	10	10	0	0	1s	100	1	6066
ga	318	240	10	10	0	0	1s	100	1	6066
ga	325	239	10	10	0	0	1s	100	1	6066
ga	335	248	10	10	0	0	1s	100	1	6066
ga	344	239	10	10	0	0	1s	100	1	6066
ga	350	247	10	10	0	0	1s	100	1	6066
ga	356	239	10	10	0	0	1s	100	1	6066
ga	362	248	10	10	0	0	1s	100	1	6066
ga	376	245	10	10	0	0	1s	100	1	6066
ga	383	249	10	10	0	0	1s	100	1	6066
ga	383	237	10	10	0	0	1s	100	1	6066
ga	382	226	10	10	0	0	1s	100	1	6066
ga	379	219	10	10	0	0	1s	100	1	6066
ga	385	216	10	10	0	0	1s	100	1	6066
ga	397	223	10	10	0	0	1s	100	1	6066
ga	402	235	10	10	0	0	1s	100	1	6066
ga	400	243	10	10	0	0	1s	100	1	6066
ga	405	252	10	10	0	0	1s	100	1	6066
ga	413	252	10	10	0	0	1s	100	1	6066
ga	423	252	10	10	0	0	1s	100	1	6066
ga	430	248	10	10	0	0	1s	100	1	6066
ga	429	239	10	10	0	0	1s	100	1	6066
ga	430	229	10	10	0	0	1s	100	1	6066
ga	445	227	10	10	0	0	1s	100	1	6066
ga	452	229	10	10	0	0	1s	100	1	6066
ga	455	211	10	10	0	0	1s	100	1	6066
ga	445	207	10	10	0	0	1s	100	1	6066
ga	441	204	10	10	0	0	1s	100	1	6066
ga	431	196	10	10	0	0	1s	100	1	6066
ga	425	200	10	10	0	0	1s	100	1	6066
ga	420	204	10	10	0	0	1s	100	1	6066
ga	412	201	10	10	0	0	1s	100	1	6066
ga	405	187	10	10	0	0	1s	100	1	6066
ga	400	178	10	10	0	0	1s	100	1	6066
ga	404	171	10	10	0	0	1s	100	1	6066
ga	402	156	10	10	0	0	1s	100	1	6066
ga	389	156	10	10	0	0	1s	100	1	6066
ga	385	165	10	10	0	0	1s	100	1	6066
ga	383	175	10	10	0	0	1s	100	1	6066
ga	375	181	10	10	0	0	1s	100	1	6066
ga	364	191	10	10	0	0	1s	100	1	6066
ga	366	194	10	10	0	0	1s	100	1	6066
ga	378	190	10	10	0	0	1s	100	1	6066
ga	384	196	10	10	0	0	1s	100	1	6066
ga	391	200	10	10	0	0	1s	100	1	6066
ga	395	207	10	10	0	0	1s	100	1	6066
