m	109	1426	0	0	0	0	1m	100	1	10008
m	149	135	0	0	0	0	1m	100	1	10010
m	1392	135	0	0	0	0	1m	100	1	10012
m	1425	1477	0	0	0	0	1m	100	1	10016
m       1477    1357    0       0       0       4       1m      100     1       10029

// 상선동,중선동 경비병 NPC
//m	1012 	1329 	0	0	0	8	1m	100	1	20350
m	1012 	1329 	0	0	0	8	1m	100	1	10074
//m	832	531	0	0	0	2	1m	100	1	20350
m	832	531	0	0	0	2	1m	100	1	10076
// 다나까 -----------------------------------------------------------------------------------
s	0	0	0	0	0	0	600s	100	15	5004

// 워프NPC -----------------------------------------------------------------------------------
m	920	610	0	0	0	0	60s	100	1	9012
// 공성NPC -----------------------------------------------------------------------------------
m	428	1208	0	0	0	0	1m	100	1	20097
m	296	328	0	0	0	0	1m	100	1	20098
m       1216    259	0       0       0       4       1m      100     1       20099
