r	737	247	10	10	0	0	140s	100	1	505
r	737	281	10	10	0	0	140s	100	1	505
r	766	286	10	10	0	0	140s	100	1	505
r	755	301	10	10	0	0	140s	100	1	505
r	762	308	10	10	0	0	140s	100	1	505
r	749	312	10	10	0	0	140s	100	1	505
r	770	334	10	10	0	0	140s	100	1	505
r	783	359	10	10	0	0	140s	100	1	505
r	783	372	10	10	0	0	140s	100	1	505
r	742	377	10	10	0	0	140s	100	1	505
r	766	379	10	10	0	0	140s	100	1	505
r	755	383	10	10	0	0	140s	100	1	505
r	736	396	10	10	0	0	140s	100	1	505
r	726	401	10	10	0	0	140s	100	1	505
r	728	416	10	10	0	0	140s	100	1	505
r	780	419	10	10	0	0	140s	100	1	505
r	704	423	10	10	0	0	140s	100	1	505
r	734	432	10	10	0	0	140s	100	1	505
r	723	434	10	10	0	0	140s	100	1	505
r	797	442	10	10	0	0	140s	100	1	505
r	744	445	10	10	0	0	140s	100	1	505
r	788	453	10	10	0	0	140s	100	1	505
r	717	459	10	10	0	0	140s	100	1	505
r	717	470	10	10	0	0	140s	100	1	505
r	742	474	10	10	0	0	140s	100	1	505
r	748	475	10	10	0	0	140s	100	1	505
r	769	479	10	10	0	0	140s	100	1	505
r	715	486	10	10	0	0	140s	100	1	505
r	684	489	10	10	0	0	140s	100	1	505
r	751	496	10	10	0	0	140s	100	1	505
r	712	506	10	10	0	0	140s	100	1	505
r	700	508	10	10	0	0	140s	100	1	505
r	703	522	10	10	0	0	140s	100	1	505
r	766	524	10	10	0	0	140s	100	1	505
r	773	524	10	10	0	0	140s	100	1	505
r	736	536	10	10	0	0	140s	100	1	505
r	765	545	10	10	0	0	140s	100	1	505
r	702	557	10	10	0	0	140s	100	1	505
r	770	557	10	10	0	0	140s	100	1	505
r	701	567	10	10	0	0	140s	100	1	505
r	747	568	10	10	0	0	140s	100	1	505
r	776	582	10	10	0	0	140s	100	1	505
r	720	585	10	10	0	0	140s	100	1	505
r	754	592	10	10	0	0	140s	100	1	505
r	807	592	10	10	0	0	140s	100	1	505
r	724	601	10	10	0	0	140s	100	1	505
r	725	604	10	10	0	0	140s	100	1	505
r	763	604	10	10	0	0	140s	100	1	505
r	730	611	10	10	0	0	140s	100	1	505
r	770	612	10	10	0	0	140s	100	1	505
r	690	615	10	10	0	0	140s	100	1	505
r	779	619	10	10	0	0	140s	100	1	505
r	779	621	10	10	0	0	140s	100	1	505
r	753	638	10	10	0	0	140s	100	1	505
r	771	642	10	10	0	0	140s	100	1	505
r	734	645	10	10	0	0	140s	100	1	505
r	740	646	10	10	0	0	140s	100	1	505
r	725	653	10	10	0	0	140s	100	1	505
r	749	659	10	10	0	0	140s	100	1	505
r	757	663	10	10	0	0	140s	100	1	505
r	772	666	10	10	0	0	140s	100	1	505
r	792	667	10	10	0	0	140s	100	1	505
r	770	671	10	10	0	0	140s	100	1	505
r	789	679	10	10	0	0	140s	100	1	505
r	703	684	10	10	0	0	140s	100	1	505
r	751	686	10	10	0	0	140s	100	1	505
r	712	695	10	10	0	0	140s	100	1	505
r	709	696	10	10	0	0	140s	100	1	505
r	757	706	10	10	0	0	140s	100	1	505
r	752	715	10	10	0	0	140s	100	1	505
r	690	727	10	10	0	0	140s	100	1	505
r	714	727	10	10	0	0	140s	100	1	505
r	789	731	10	10	0	0	140s	100	1	505
r	746	745	10	10	0	0	140s	100	1	505
r	753	747	10	10	0	0	140s	100	1	505
r	766	755	10	10	0	0	140s	100	1	505
r	779	755	10	10	0	0	140s	100	1	505
r	718	761	10	10	0	0	140s	100	1	505
r	704	778	10	10	0	0	140s	100	1	505
r	769	778	10	10	0	0	140s	100	1	505
r	776	783	10	10	0	0	140s	100	1	505
r	709	786	10	10	0	0	140s	100	1	505
r	791	788	10	10	0	0	140s	100	1	505
r	690	795	10	10	0	0	140s	100	1	505
r	698	795	10	10	0	0	140s	100	1	505
r	845	809	10	10	0	0	140s	100	1	505
r	813	822	10	10	0	0	140s	100	1	505
r	809	830	10	10	0	0	140s	100	1	505
r	830	833	10	10	0	0	140s	100	1	505
r	808	838	10	10	0	0	140s	100	1	505
r	819	844	10	10	0	0	140s	100	1	505
r	832	844	10	10	0	0	140s	100	1	505
r	856	845	10	10	0	0	140s	100	1	505
r	1076	650	10	10	0	0	120s	100	1	506
r	1056	651	10	10	0	0	120s	100	1	506
r	1110	655	10	10	0	0	120s	100	1	506
r	1115	659	10	10	0	0	120s	100	1	506
r	1023	663	10	10	0	0	120s	100	1	506
r	1170	663	10	10	0	0	120s	100	1	506
r	1187	664	10	10	0	0	120s	100	1	506
r	1011	667	10	10	0	0	120s	100	1	506
r	1072	670	10	10	0	0	120s	100	1	506
r	1145	675	10	10	0	0	120s	100	1	506
r	1181	679	10	10	0	0	120s	100	1	506
r	1026	683	10	10	0	0	120s	100	1	506
r	1076	685	10	10	0	0	120s	100	1	506
r	1152	687	10	10	0	0	120s	100	1	506
r	1254	689	10	10	0	0	120s	100	1	506
r	1074	691	10	10	0	0	120s	100	1	506
r	1335	693	10	10	0	0	120s	100	1	506
r	1158	697	10	10	0	0	120s	100	1	506
r	1399	702	10	10	0	0	120s	100	1	506
r	1104	704	10	10	0	0	120s	100	1	506
r	970	706	10	10	0	0	120s	100	1	506
r	1285	708	10	10	0	0	120s	100	1	506
r	1155	709	10	10	0	0	120s	100	1	506
r	1406	714	10	10	0	0	120s	100	1	506
r	1046	717	10	10	0	0	120s	100	1	506
r	976	718	10	10	0	0	120s	100	1	506
r	1078	721	10	10	0	0	120s	100	1	506
r	1417	722	10	10	0	0	120s	100	1	506
r	1050	723	10	10	0	0	120s	100	1	506
r	1209	723	10	10	0	0	120s	100	1	506
r	1186	724	10	10	0	0	120s	100	1	506
r	1072	730	10	10	0	0	120s	100	1	506
r	1337	734	10	10	0	0	120s	100	1	506
r	1077	736	10	10	0	0	120s	100	1	506
r	1149	737	10	10	0	0	120s	100	1	506
r	1288	737	10	10	0	0	120s	100	1	506
r	1335	741	10	10	0	0	120s	100	1	506
r	1288	745	10	10	0	0	120s	100	1	506
r	1036	748	10	10	0	0	120s	100	1	506
r	1334	748	10	10	0	0	120s	100	1	506
r	1209	752	10	10	0	0	120s	100	1	506
r	1132	754	10	10	0	0	120s	100	1	506
r	1340	755	10	10	0	0	120s	100	1	506
r	1318	756	10	10	0	0	120s	100	1	506
r	1061	759	10	10	0	0	120s	100	1	506
r	1428	762	10	10	0	0	120s	100	1	506
r	1072	767	10	10	0	0	120s	100	1	506
r	1113	771	10	10	0	0	120s	100	1	506
r	1306	771	10	10	0	0	120s	100	1	506
r	1364	775	10	10	0	0	120s	100	1	506
r	1379	775	10	10	0	0	120s	100	1	506
r	1062	777	10	10	0	0	120s	100	1	506
r	1029	781	10	10	0	0	120s	100	1	506
r	1356	781	10	10	0	0	120s	100	1	506
r	1183	783	10	10	0	0	120s	100	1	506
r	1041	784	10	10	0	0	120s	100	1	506
r	1206	784	10	10	0	0	120s	100	1	506
r	1182	785	10	10	0	0	120s	100	1	506
r	1281	788	10	10	0	0	120s	100	1	506
r	1412	792	10	10	0	0	120s	100	1	506
r	491	799	10	10	0	0	120s	100	1	506
r	1393	799	10	10	0	0	120s	100	1	506
r	1114	801	10	10	0	0	120s	100	1	506
r	1413	801	10	10	0	0	120s	100	1	506
r	1084	802	10	10	0	0	120s	100	1	506
r	1202	802	10	10	0	0	120s	100	1	506
r	1398	803	10	10	0	0	120s	100	1	506
r	984	804	10	10	0	0	120s	100	1	506
r	458	807	10	10	0	0	120s	100	1	506
r	307	808	10	10	0	0	120s	100	1	506
r	1293	808	10	10	0	0	120s	100	1	506
r	399	811	10	10	0	0	120s	100	1	506
r	984	811	10	10	0	0	120s	100	1	506
r	345	812	10	10	0	0	120s	100	1	506
r	505	814	10	10	0	0	120s	100	1	506
r	1206	816	10	10	0	0	120s	100	1	506
r	320	817	10	10	0	0	120s	100	1	506
r	1143	819	10	10	0	0	120s	100	1	506
r	411	820	10	10	0	0	120s	100	1	506
r	1327	820	10	10	0	0	120s	100	1	506
r	401	824	10	10	0	0	120s	100	1	506
r	474	824	10	10	0	0	120s	100	1	506
r	956	825	10	10	0	0	120s	100	1	506
r	1095	825	10	10	0	0	120s	100	1	506
r	1242	825	10	10	0	0	120s	100	1	506
r	372	826	10	10	0	0	120s	100	1	506
r	1057	826	10	10	0	0	120s	100	1	506
r	1433	827	10	10	0	0	120s	100	1	506
r	1394	828	10	10	0	0	120s	100	1	506
r	1180	831	10	10	0	0	120s	100	1	506
r	285	833	10	10	0	0	120s	100	1	506
r	415	833	10	10	0	0	120s	100	1	506
r	1075	833	10	10	0	0	120s	100	1	506
r	1131	833	10	10	0	0	120s	100	1	506
r	282	836	10	10	0	0	120s	100	1	506
r	1215	837	10	10	0	0	120s	100	1	506
r	235	838	10	10	0	0	120s	100	1	506
r	1411	838	10	10	0	0	120s	100	1	506
r	402	839	10	10	0	0	120s	100	1	506
r	952	839	10	10	0	0	120s	100	1	506
r	1290	839	10	10	0	0	120s	100	1	506
r	1000	842	10	10	0	0	120s	100	1	506
r	268	843	10	10	0	0	120s	100	1	506
r	1066	843	10	10	0	0	120s	100	1	506
r	406	844	10	10	0	0	120s	100	1	506
r	1053	844	10	10	0	0	120s	100	1	506
r	1323	844	10	10	0	0	120s	100	1	506
r	215	850	10	10	0	0	120s	100	1	506
r	413	850	10	10	0	0	120s	100	1	506
r	1144	850	10	10	0	0	120s	100	1	506
r	1365	850	10	10	0	0	120s	100	1	506
r	1382	850	10	10	0	0	120s	100	1	506
r	296	852	10	10	0	0	120s	100	1	506
r	1168	852	10	10	0	0	120s	100	1	506
r	1227	852	10	10	0	0	120s	100	1	506
r	1377	852	10	10	0	0	120s	100	1	506
r	325	857	10	10	0	0	120s	100	1	506
r	341	858	10	10	0	0	120s	100	1	506
r	994	858	10	10	0	0	120s	100	1	506
r	1383	858	10	10	0	0	120s	100	1	506
r	311	859	10	10	0	0	120s	100	1	506
r	964	859	10	10	0	0	120s	100	1	506
r	365	860	10	10	0	0	120s	100	1	506
r	1041	860	10	10	0	0	120s	100	1	506
r	1061	863	10	10	0	0	120s	100	1	506
r	1331	863	10	10	0	0	120s	100	1	506
r	571	864	10	10	0	0	120s	100	1	506
r	341	865	10	10	0	0	120s	100	1	506
r	1407	865	10	10	0	0	120s	100	1	506
r	417	866	10	10	0	0	120s	100	1	506
r	474	867	10	10	0	0	120s	100	1	506
r	472	868	10	10	0	0	120s	100	1	506
r	1062	869	10	10	0	0	120s	100	1	506
r	321	871	10	10	0	0	120s	100	1	506
r	382	871	10	10	0	0	120s	100	1	506
r	1045	871	10	10	0	0	120s	100	1	506
r	1084	871	10	10	0	0	120s	100	1	506
r	470	873	10	10	0	0	120s	100	1	506
r	529	874	10	10	0	0	120s	100	1	506
r	1289	874	10	10	0	0	120s	100	1	506
r	276	875	10	10	0	0	120s	100	1	506
r	1334	876	10	10	0	0	120s	100	1	506
r	408	880	10	10	0	0	120s	100	1	506
r	1041	883	10	10	0	0	120s	100	1	506
r	279	886	10	10	0	0	120s	100	1	506
r	1193	886	10	10	0	0	120s	100	1	506
r	359	887	10	10	0	0	120s	100	1	506
r	257	895	10	10	0	0	120s	100	1	506
r	1371	895	10	10	0	0	120s	100	1	506
r	582	896	10	10	0	0	120s	100	1	506
r	1125	896	10	10	0	0	120s	100	1	506
r	1315	897	10	10	0	0	120s	100	1	506
r	1328	899	10	10	0	0	120s	100	1	506
r	1413	899	10	10	0	0	120s	100	1	506
r	1170	902	10	10	0	0	120s	100	1	506
r	1309	903	10	10	0	0	120s	100	1	506
r	249	904	10	10	0	0	120s	100	1	506
r	1157	904	10	10	0	0	120s	100	1	506
r	1369	904	10	10	0	0	120s	100	1	506
r	1367	905	10	10	0	0	120s	100	1	506
r	1379	908	10	10	0	0	120s	100	1	506
r	473	911	10	10	0	0	120s	100	1	506
r	268	919	10	10	0	0	120s	100	1	506
r	223	934	10	10	0	0	120s	100	1	506
r	220	937	10	10	0	0	120s	100	1	506
r	262	941	10	10	0	0	120s	100	1	506
r	725	131	10	10	0	0	160s	100	1	504
r	782	131	10	10	0	0	160s	100	1	504
r	747	155	10	10	0	0	160s	100	1	504
r	781	157	10	10	0	0	160s	100	1	504
r	782	158	10	10	0	0	160s	100	1	504
r	778	160	10	10	0	0	160s	100	1	504
r	723	161	10	10	0	0	160s	100	1	504
r	703	163	10	10	0	0	160s	100	1	504
r	757	176	10	10	0	0	160s	100	1	504
r	732	179	10	10	0	0	160s	100	1	504
r	724	183	10	10	0	0	160s	100	1	504
r	765	206	10	10	0	0	160s	100	1	504
r	819	206	10	10	0	0	160s	100	1	504
r	693	216	10	10	0	0	160s	100	1	504
r	737	218	10	10	0	0	160s	100	1	504
r	805	218	10	10	0	0	160s	100	1	504
r	752	220	10	10	0	0	160s	100	1	504
r	726	238	10	10	0	0	160s	100	1	504
r	728	241	10	10	0	0	160s	100	1	504
r	725	242	10	10	0	0	160s	100	1	504
r	776	247	10	10	0	0	160s	100	1	504
r	763	249	10	10	0	0	160s	100	1	504
r	794	250	10	10	0	0	160s	100	1	504
r	826	261	10	10	0	0	160s	100	1	504
r	821	271	10	10	0	0	160s	100	1	504
r	831	275	10	10	0	0	160s	100	1	504
r	776	279	10	10	0	0	160s	100	1	504
r	797	280	10	10	0	0	160s	100	1	504
r	769	281	10	10	0	0	160s	100	1	504
r	806	295	10	10	0	0	160s	100	1	504
r	714	310	10	10	0	0	160s	100	1	504
r	707	317	10	10	0	0	160s	100	1	504
r	707	323	10	10	0	0	160s	100	1	504
r	833	359	10	10	0	0	160s	100	1	504
r	829	368	10	10	0	0	160s	100	1	504
r	806	380	10	10	0	0	160s	100	1	504
r	825	382	10	10	0	0	160s	100	1	504
r	698	408	10	10	0	0	160s	100	1	504
r	666	412	10	10	0	0	160s	100	1	504
r	667	468	10	10	0	0	160s	100	1	504
r	689	528	10	10	0	0	160s	100	1	504
r	678	557	10	10	0	0	160s	100	1	504
r	686	566	10	10	0	0	160s	100	1	504
r	809	571	10	10	0	0	160s	100	1	504
r	676	585	10	10	0	0	160s	100	1	504
r	815	588	10	10	0	0	160s	100	1	504
r	827	588	10	10	0	0	160s	100	1	504
r	674	603	10	10	0	0	160s	100	1	504
r	685	604	10	10	0	0	160s	100	1	504
r	828	647	10	10	0	0	160s	100	1	504
r	683	663	10	10	0	0	160s	100	1	504
r	680	678	10	10	0	0	160s	100	1	504
r	676	684	10	10	0	0	160s	100	1	504
r	802	692	10	10	0	0	160s	100	1	504
r	664	708	10	10	0	0	160s	100	1	504
r	831	737	10	10	0	0	160s	100	1	504
r	834	763	10	10	0	0	160s	100	1	504
r	616	778	10	10	0	0	160s	100	1	504
r	618	783	10	10	0	0	160s	100	1	504
r	646	784	10	10	0	0	160s	100	1	504
r	633	796	10	10	0	0	160s	100	1	504
r	775	816	10	10	0	0	160s	100	1	504
r	711	820	10	10	0	0	160s	100	1	504
r	902	826	10	10	0	0	160s	100	1	504
r	635	828	10	10	0	0	160s	100	1	504
r	638	835	10	10	0	0	160s	100	1	504
r	603	838	10	10	0	0	160s	100	1	504
r	719	843	10	10	0	0	160s	100	1	504
r	874	859	10	10	0	0	160s	100	1	504
r	717	861	10	10	0	0	160s	100	1	504
r	909	862	10	10	0	0	160s	100	1	504
r	798	866	10	10	0	0	160s	100	1	504
r	807	876	10	10	0	0	160s	100	1	504
r	712	877	10	10	0	0	160s	100	1	504
r	827	877	10	10	0	0	160s	100	1	504
r	895	878	10	10	0	0	160s	100	1	504
r	834	891	10	10	0	0	160s	100	1	504
r	876	893	10	10	0	0	160s	100	1	504
r	695	900	10	10	0	0	160s	100	1	504
r	700	901	10	10	0	0	160s	100	1	504
r	692	903	10	10	0	0	160s	100	1	504
r	210	941	10	10	0	0	120s	100	1	507
r	1393	943	10	10	0	0	120s	100	1	507
r	1407	948	10	10	0	0	120s	100	1	507
r	1395	959	10	10	0	0	120s	100	1	507
r	240	964	10	10	0	0	120s	100	1	507
r	236	968	10	10	0	0	120s	100	1	507
r	1430	973	10	10	0	0	120s	100	1	507
r	1438	973	10	10	0	0	120s	100	1	507
r	1425	976	10	10	0	0	120s	100	1	507
r	1382	977	10	10	0	0	120s	100	1	507
r	1426	978	10	10	0	0	120s	100	1	507
r	1443	985	10	10	0	0	120s	100	1	507
r	1432	988	10	10	0	0	120s	100	1	507
r	225	989	10	10	0	0	120s	100	1	507
r	1399	989	10	10	0	0	120s	100	1	507
r	205	992	10	10	0	0	120s	100	1	507
r	212	994	10	10	0	0	120s	100	1	507
r	1255	1003	10	10	0	0	120s	100	1	507
r	1434	1014	10	10	0	0	120s	100	1	507
r	243	1015	10	10	0	0	120s	100	1	507
r	196	1016	10	10	0	0	120s	100	1	507
r	248	1021	10	10	0	0	120s	100	1	507
r	1270	1021	10	10	0	0	120s	100	1	507
r	1266	1038	10	10	0	0	120s	100	1	507
r	1245	1039	10	10	0	0	120s	100	1	507
r	257	1040	10	10	0	0	120s	100	1	507
r	1421	1046	10	10	0	0	120s	100	1	507
r	1269	1050	10	10	0	0	120s	100	1	507
r	1355	1052	10	10	0	0	120s	100	1	507
r	1307	1056	10	10	0	0	120s	100	1	507
r	1260	1058	10	10	0	0	120s	100	1	507
r	243	1060	10	10	0	0	120s	100	1	507
r	255	1060	10	10	0	0	120s	100	1	507
r	173	1070	10	10	0	0	120s	100	1	507
r	218	1070	10	10	0	0	120s	100	1	507
r	1304	1070	10	10	0	0	120s	100	1	507
r	1336	1070	10	10	0	0	120s	100	1	507
r	1304	1076	10	10	0	0	120s	100	1	507
r	239	1080	10	10	0	0	120s	100	1	507
r	1378	1084	10	10	0	0	120s	100	1	507
r	258	1087	10	10	0	0	120s	100	1	507
r	200	1088	10	10	0	0	120s	100	1	507
r	1244	1088	10	10	0	0	120s	100	1	507
r	181	1093	10	10	0	0	120s	100	1	507
r	1279	1094	10	10	0	0	120s	100	1	507
r	1325	1095	10	10	0	0	120s	100	1	507
r	180	1096	10	10	0	0	120s	100	1	507
r	152	1097	10	10	0	0	120s	100	1	507
r	205	1103	10	10	0	0	120s	100	1	507
r	197	1104	10	10	0	0	120s	100	1	507
r	1431	1105	10	10	0	0	120s	100	1	507
r	1311	1107	10	10	0	0	120s	100	1	507
r	1419	1107	10	10	0	0	120s	100	1	507
r	233	1108	10	10	0	0	120s	100	1	507
r	1389	1108	10	10	0	0	120s	100	1	507
r	1458	1112	10	10	0	0	120s	100	1	507
r	1291	1113	10	10	0	0	120s	100	1	507
r	203	1115	10	10	0	0	120s	100	1	507
r	1343	1116	10	10	0	0	120s	100	1	507
r	1420	1117	10	10	0	0	120s	100	1	507
r	1411	1122	10	10	0	0	120s	100	1	507
r	1365	1124	10	10	0	0	120s	100	1	507
r	1333	1125	10	10	0	0	120s	100	1	507
r	225	1131	10	10	0	0	120s	100	1	507
r	1301	1131	10	10	0	0	120s	100	1	507
r	1364	1133	10	10	0	0	120s	100	1	507
r	1403	1135	10	10	0	0	120s	100	1	507
r	163	1136	10	10	0	0	120s	100	1	507
r	1401	1136	10	10	0	0	120s	100	1	507
r	152	1138	10	10	0	0	120s	100	1	507
r	1346	1140	10	10	0	0	120s	100	1	507
r	1362	1145	10	10	0	0	120s	100	1	507
r	1308	1146	10	10	0	0	120s	100	1	507
r	1306	1153	10	10	0	0	120s	100	1	507
r	1422	1158	10	10	0	0	120s	100	1	507
r	166	1160	10	10	0	0	120s	100	1	507
r	1409	1161	10	10	0	0	120s	100	1	507
r	1319	1162	10	10	0	0	120s	100	1	507
r	234	1163	10	10	0	0	120s	100	1	507
r	1415	1165	10	10	0	0	120s	100	1	507
r	1460	1171	10	10	0	0	120s	100	1	507
r	1308	1177	10	10	0	0	120s	100	1	507
r	1376	1180	10	10	0	0	120s	100	1	507
r	1406	1180	10	10	0	0	120s	100	1	507
r	1341	1181	10	10	0	0	120s	100	1	507
r	1418	1181	10	10	0	0	120s	100	1	507
r	254	1182	10	10	0	0	120s	100	1	507
r	1277	1182	10	10	0	0	120s	100	1	507
r	1402	1183	10	10	0	0	120s	100	1	507
r	200	1185	10	10	0	0	120s	100	1	507
r	1386	1200	10	10	0	0	120s	100	1	507
r	181	1201	10	10	0	0	120s	100	1	507
r	1372	1204	10	10	0	0	120s	100	1	507
r	1405	1205	10	10	0	0	120s	100	1	507
r	174	1209	10	10	0	0	120s	100	1	507
r	1279	1210	10	10	0	0	120s	100	1	507
r	1288	1210	10	10	0	0	120s	100	1	507
r	1388	1212	10	10	0	0	120s	100	1	507
r	1288	1224	10	10	0	0	120s	100	1	507
r	1271	1226	10	10	0	0	120s	100	1	507
r	1246	1230	10	10	0	0	120s	100	1	507
r	1457	1236	10	10	0	0	120s	100	1	507
r	1408	1240	10	10	0	0	120s	100	1	507
r	1438	1241	10	10	0	0	120s	100	1	507
r	1277	1244	10	10	0	0	120s	100	1	507
r	234	1245	10	10	0	0	120s	100	1	507
r	1431	1245	10	10	0	0	120s	100	1	507
r	174	1246	10	10	0	0	120s	100	1	507
r	1348	1250	10	10	0	0	120s	100	1	507
r	242	1256	10	10	0	0	120s	100	1	507
r	1382	1257	10	10	0	0	120s	100	1	507
r	188	1263	10	10	0	0	120s	100	1	507
r	1381	1267	10	10	0	0	120s	100	1	507
r	202	1268	10	10	0	0	120s	100	1	507
r	1299	1277	10	10	0	0	120s	100	1	507
r	1393	1277	10	10	0	0	120s	100	1	507
r	210	1279	10	10	0	0	120s	100	1	507
r	1314	1287	10	10	0	0	120s	100	1	507
r	1246	1289	10	10	0	0	120s	100	1	507
r	1408	1289	10	10	0	0	120s	100	1	507
r	1275	1290	10	10	0	0	120s	100	1	507
r	227	1291	10	10	0	0	120s	100	1	507
r	1310	1293	10	10	0	0	120s	100	1	507
r	1244	1296	10	10	0	0	120s	100	1	507
r	183	1299	10	10	0	0	120s	100	1	507
r	1313	1302	10	10	0	0	120s	100	1	507
r	1276	1303	10	10	0	0	120s	100	1	507
r	1280	1306	10	10	0	0	120s	100	1	507
r	233	1307	10	10	0	0	120s	100	1	507
r	1432	1309	10	10	0	0	120s	100	1	507
r	200	1311	10	10	0	0	120s	100	1	507
r	227	1312	10	10	0	0	120s	100	1	507
r	1368	1312	10	10	0	0	120s	100	1	507
r	1336	1313	10	10	0	0	120s	100	1	507
r	1321	1315	10	10	0	0	120s	100	1	507
r	1341	1316	10	10	0	0	120s	100	1	507
r	1288	1326	10	10	0	0	120s	100	1	507
r	1412	1327	10	10	0	0	120s	100	1	507
r	1353	1330	10	10	0	0	120s	100	1	507
r	252	1334	10	10	0	0	120s	100	1	507
r	1299	1339	10	10	0	0	120s	100	1	507
r	1290	1341	10	10	0	0	120s	100	1	507
r	1396	1348	10	10	0	0	120s	100	1	507
r	1285	1352	10	10	0	0	120s	100	1	507
r	1367	1354	10	10	0	0	120s	100	1	507
r	1424	1361	10	10	0	0	120s	100	1	507
r	264	1369	10	10	0	0	120s	100	1	507
r	235	1373	10	10	0	0	120s	100	1	507
r	238	1376	10	10	0	0	120s	100	1	507
r	1392	1377	10	10	0	0	120s	100	1	507
r	260	1382	10	10	0	0	120s	100	1	507
r	1272	1383	10	10	0	0	120s	100	1	507
r	1280	1387	10	10	0	0	120s	100	1	507
r	1319	1387	10	10	0	0	120s	100	1	507
r	1421	1389	10	10	0	0	120s	100	1	507
r	1447	1390	10	10	0	0	120s	100	1	507
r	1271	1399	10	10	0	0	120s	100	1	507
r	1315	1399	10	10	0	0	120s	100	1	507
r	1277	1401	10	10	0	0	120s	100	1	507
r	1368	1401	10	10	0	0	120s	100	1	507
r	1364	1408	10	10	0	0	120s	100	1	507
r	1328	1409	10	10	0	0	120s	100	1	507
r	1354	1411	10	10	0	0	120s	100	1	507
r	1274	1419	10	10	0	0	120s	100	1	507
r	669	162	10	10	0	0	160s	100	1	503
r	529	190	10	10	0	0	160s	100	1	503
r	514	193	10	10	0	0	160s	100	1	503
r	511	202	10	10	0	0	160s	100	1	503
r	500	210	10	10	0	0	160s	100	1	503
r	684	217	10	10	0	0	160s	100	1	503
r	680	219	10	10	0	0	160s	100	1	503
r	546	241	10	10	0	0	160s	100	1	503
r	511	263	10	10	0	0	160s	100	1	503
r	547	263	10	10	0	0	160s	100	1	503
r	849	268	10	10	0	0	160s	100	1	503
r	857	272	10	10	0	0	160s	100	1	503
r	852	279	10	10	0	0	160s	100	1	503
r	549	298	10	10	0	0	160s	100	1	503
r	491	311	10	10	0	0	160s	100	1	503
r	668	318	10	10	0	0	160s	100	1	503
r	840	319	10	10	0	0	160s	100	1	503
r	595	340	10	10	0	0	160s	100	1	503
r	856	340	10	10	0	0	160s	100	1	503
r	579	351	10	10	0	0	160s	100	1	503
r	859	366	10	10	0	0	160s	100	1	503
r	983	416	10	10	0	0	160s	100	1	503
r	493	423	10	10	0	0	160s	100	1	503
r	950	436	10	10	0	0	160s	100	1	503
r	946	445	10	10	0	0	160s	100	1	503
r	641	455	10	10	0	0	160s	100	1	503
r	986	459	10	10	0	0	160s	100	1	503
r	980	461	10	10	0	0	160s	100	1	503
r	657	462	10	10	0	0	160s	100	1	503
r	978	465	10	10	0	0	160s	100	1	503
r	636	481	10	10	0	0	160s	100	1	503
r	851	486	10	10	0	0	160s	100	1	503
r	828	498	10	10	0	0	160s	100	1	503
r	990	504	10	10	0	0	160s	100	1	503
r	534	511	10	10	0	0	160s	100	1	503
r	637	520	10	10	0	0	160s	100	1	503
r	836	520	10	10	0	0	160s	100	1	503
r	1060	522	10	10	0	0	160s	100	1	503
r	1034	531	10	10	0	0	160s	100	1	503
r	652	533	10	10	0	0	160s	100	1	503
r	657	533	10	10	0	0	160s	100	1	503
r	986	539	10	10	0	0	160s	100	1	503
r	823	542	10	10	0	0	160s	100	1	503
r	487	545	10	10	0	0	160s	100	1	503
r	1064	546	10	10	0	0	160s	100	1	503
r	1083	550	10	10	0	0	160s	100	1	503
r	846	556	10	10	0	0	160s	100	1	503
r	851	563	10	10	0	0	160s	100	1	503
r	1006	566	10	10	0	0	160s	100	1	503
r	519	568	10	10	0	0	160s	100	1	503
r	534	575	10	10	0	0	160s	100	1	503
r	494	577	10	10	0	0	160s	100	1	503
r	519	577	10	10	0	0	160s	100	1	503
r	510	586	10	10	0	0	160s	100	1	503
r	861	615	10	10	0	0	160s	100	1	503
r	505	619	10	10	0	0	160s	100	1	503
r	836	624	10	10	0	0	160s	100	1	503
r	637	652	10	10	0	0	160s	100	1	503
r	865	657	10	10	0	0	160s	100	1	503
r	633	661	10	10	0	0	160s	100	1	503
r	852	731	10	10	0	0	160s	100	1	503
r	658	905	10	10	0	0	160s	100	1	503
r	668	910	10	10	0	0	160s	100	1	503
r	657	954	10	10	0	0	160s	100	1	503
r	683	991	10	10	0	0	160s	100	1	503
r	672	997	10	10	0	0	160s	100	1	503
r	418	998	10	10	0	0	160s	100	1	503
r	696	1004	10	10	0	0	160s	100	1	503
r	924	1006	10	10	0	0	160s	100	1	503
r	570	1009	10	10	0	0	160s	100	1	503
r	1045	1011	10	10	0	0	160s	100	1	503
r	926	1013	10	10	0	0	160s	100	1	503
r	768	1017	10	10	0	0	160s	100	1	503
r	938	1017	10	10	0	0	160s	100	1	503
r	554	1019	10	10	0	0	160s	100	1	503
r	811	1019	10	10	0	0	160s	100	1	503
r	439	1020	10	10	0	0	160s	100	1	503
r	454	1021	10	10	0	0	160s	100	1	503
r	486	1022	10	10	0	0	160s	100	1	503
r	516	1026	10	10	0	0	160s	100	1	503
r	578	1026	10	10	0	0	160s	100	1	503
r	842	1027	10	10	0	0	160s	100	1	503
r	830	1029	10	10	0	0	160s	100	1	503
r	734	1030	10	10	0	0	160s	100	1	503
r	877	1032	10	10	0	0	160s	100	1	503
r	1080	1032	10	10	0	0	160s	100	1	503
r	1113	1036	10	10	0	0	160s	100	1	503
r	719	1037	10	10	0	0	160s	100	1	503
r	1129	1037	10	10	0	0	160s	100	1	503
r	1045	1039	10	10	0	0	160s	100	1	503
r	463	1041	10	10	0	0	160s	100	1	503
r	659	1043	10	10	0	0	160s	100	1	503
r	656	1049	10	10	0	0	160s	100	1	503
r	723	1052	10	10	0	0	160s	100	1	503
r	373	128	10	10	0	0	140s	100	1	501
r	384	129	10	10	0	0	140s	100	1	501
r	360	144	10	10	0	0	140s	100	1	501
r	401	149	10	10	0	0	140s	100	1	501
r	1124	156	10	10	0	0	140s	100	1	501
r	416	179	10	10	0	0	140s	100	1	501
r	1076	189	10	10	0	0	140s	100	1	501
r	1166	207	10	10	0	0	140s	100	1	501
r	1094	217	10	10	0	0	140s	100	1	501
r	1131	218	10	10	0	0	140s	100	1	501
r	400	222	10	10	0	0	140s	100	1	501
r	1103	227	10	10	0	0	140s	100	1	501
r	1176	227	10	10	0	0	140s	100	1	501
r	287	233	10	10	0	0	140s	100	1	501
r	305	246	10	10	0	0	140s	100	1	501
r	402	253	10	10	0	0	140s	100	1	501
r	340	255	10	10	0	0	140s	100	1	501
r	357	255	10	10	0	0	140s	100	1	501
r	1158	271	10	10	0	0	140s	100	1	501
r	381	279	10	10	0	0	140s	100	1	501
r	1211	320	10	10	0	0	140s	100	1	501
r	1208	322	10	10	0	0	140s	100	1	501
r	376	332	10	10	0	0	140s	100	1	501
r	357	333	10	10	0	0	140s	100	1	501
r	1154	336	10	10	0	0	140s	100	1	501
r	357	347	10	10	0	0	140s	100	1	501
r	321	349	10	10	0	0	140s	100	1	501
r	1110	358	10	10	0	0	140s	100	1	501
r	388	362	10	10	0	0	140s	100	1	501
r	1097	376	10	10	0	0	140s	100	1	501
r	1172	380	10	10	0	0	140s	100	1	501
r	349	391	10	10	0	0	140s	100	1	501
r	1299	391	10	10	0	0	140s	100	1	501
r	1161	394	10	10	0	0	140s	100	1	501
r	317	398	10	10	0	0	140s	100	1	501
r	1158	398	10	10	0	0	140s	100	1	501
r	1337	398	10	10	0	0	140s	100	1	501
r	1316	399	10	10	0	0	140s	100	1	501
r	393	412	10	10	0	0	140s	100	1	501
r	1205	418	10	10	0	0	140s	100	1	501
r	1149	425	10	10	0	0	140s	100	1	501
r	1251	426	10	10	0	0	140s	100	1	501
r	367	427	10	10	0	0	140s	100	1	501
r	1187	429	10	10	0	0	140s	100	1	501
r	1262	436	10	10	0	0	140s	100	1	501
r	271	465	10	10	0	0	140s	100	1	501
r	282	467	10	10	0	0	140s	100	1	501
r	399	476	10	10	0	0	140s	100	1	501
r	212	502	10	10	0	0	140s	100	1	501
r	254	510	10	10	0	0	140s	100	1	501
r	229	525	10	10	0	0	140s	100	1	501
r	149	528	10	10	0	0	140s	100	1	501
r	257	531	10	10	0	0	140s	100	1	501
r	177	536	10	10	0	0	140s	100	1	501
r	296	546	10	10	0	0	140s	100	1	501
r	181	550	10	10	0	0	140s	100	1	501
r	201	551	10	10	0	0	140s	100	1	501
r	354	552	10	10	0	0	140s	100	1	501
r	198	554	10	10	0	0	140s	100	1	501
r	394	557	10	10	0	0	140s	100	1	501
r	345	562	10	10	0	0	140s	100	1	501
r	386	563	10	10	0	0	140s	100	1	501
r	738	1147	10	10	0	0	140s	100	1	501
r	745	1150	10	10	0	0	140s	100	1	501
r	810	1154	10	10	0	0	140s	100	1	501
r	728	1157	10	10	0	0	140s	100	1	501
r	776	1157	10	10	0	0	140s	100	1	501
r	882	1157	10	10	0	0	140s	100	1	501
r	921	1158	10	10	0	0	140s	100	1	501
r	807	1160	10	10	0	0	140s	100	1	501
r	878	1165	10	10	0	0	140s	100	1	501
r	534	1169	10	10	0	0	140s	100	1	501
r	718	1171	10	10	0	0	140s	100	1	501
r	546	1173	10	10	0	0	140s	100	1	501
r	852	1175	10	10	0	0	140s	100	1	501
r	690	1177	10	10	0	0	140s	100	1	501
r	908	1177	10	10	0	0	140s	100	1	501
r	828	1178	10	10	0	0	140s	100	1	501
r	788	1183	10	10	0	0	140s	100	1	501
r	735	1185	10	10	0	0	140s	100	1	501
r	722	1186	10	10	0	0	140s	100	1	501
r	987	1189	10	10	0	0	140s	100	1	501
r	573	1190	10	10	0	0	140s	100	1	501
r	503	1191	10	10	0	0	140s	100	1	501
r	683	1191	10	10	0	0	140s	100	1	501
r	590	1194	10	10	0	0	140s	100	1	501
r	707	1194	10	10	0	0	140s	100	1	501
r	700	1196	10	10	0	0	140s	100	1	501
r	740	1204	10	10	0	0	140s	100	1	501
r	496	1207	10	10	0	0	140s	100	1	501
r	937	1207	10	10	0	0	140s	100	1	501
r	596	1210	10	10	0	0	140s	100	1	501
r	724	1219	10	10	0	0	140s	100	1	501
r	855	1219	10	10	0	0	140s	100	1	501
r	719	1224	10	10	0	0	140s	100	1	501
r	625	1233	10	10	0	0	140s	100	1	501
r	555	1235	10	10	0	0	140s	100	1	501
r	658	1235	10	10	0	0	140s	100	1	501
r	540	1244	10	10	0	0	140s	100	1	501
r	915	1245	10	10	0	0	140s	100	1	501
r	994	1245	10	10	0	0	140s	100	1	501
r	979	1249	10	10	0	0	140s	100	1	501
r	893	1252	10	10	0	0	140s	100	1	501
r	559	1257	10	10	0	0	140s	100	1	501
r	891	1258	10	10	0	0	140s	100	1	501
r	556	1260	10	10	0	0	140s	100	1	501
r	496	1263	10	10	0	0	140s	100	1	501
r	930	1263	10	10	0	0	140s	100	1	501
r	941	1264	10	10	0	0	140s	100	1	501
r	626	1268	10	10	0	0	140s	100	1	501
r	533	1278	10	10	0	0	140s	100	1	501
r	492	1280	10	10	0	0	140s	100	1	501
r	490	1285	10	10	0	0	140s	100	1	501
r	531	1298	10	10	0	0	140s	100	1	501
r	522	1299	10	10	0	0	140s	100	1	501
r	949	1315	10	10	0	0	140s	100	1	501
r	921	1317	10	10	0	0	140s	100	1	501
r	571	1328	10	10	0	0	140s	100	1	501
r	959	1341	10	10	0	0	140s	100	1	501
r	493	1344	10	10	0	0	140s	100	1	501
r	547	1398	10	10	0	0	140s	100	1	501
r	530	1421	10	10	0	0	140s	100	1	501
r	566	1428	10	10	0	0	140s	100	1	501
r	542	1447	10	10	0	0	140s	100	1	501
r	1006	150	10	10	0	0	140s	100	1	502
r	981	168	10	10	0	0	140s	100	1	502
r	1005	174	10	10	0	0	140s	100	1	502
r	1014	251	10	10	0	0	140s	100	1	502
r	1005	313	10	10	0	0	140s	100	1	502
r	1023	317	10	10	0	0	140s	100	1	502
r	1013	342	10	10	0	0	140s	100	1	502
r	1360	477	10	10	0	0	140s	100	1	502
r	1351	496	10	10	0	0	140s	100	1	502
r	1397	508	10	10	0	0	140s	100	1	502
r	1261	518	10	10	0	0	140s	100	1	502
r	1206	530	10	10	0	0	140s	100	1	502
r	1319	532	10	10	0	0	140s	100	1	502
r	1142	534	10	10	0	0	140s	100	1	502
r	1345	536	10	10	0	0	140s	100	1	502
r	1220	537	10	10	0	0	140s	100	1	502
r	1354	542	10	10	0	0	140s	100	1	502
r	1410	542	10	10	0	0	140s	100	1	502
r	1280	545	10	10	0	0	140s	100	1	502
r	1382	546	10	10	0	0	140s	100	1	502
r	1246	547	10	10	0	0	140s	100	1	502
r	128	550	10	10	0	0	140s	100	1	502
r	1320	550	10	10	0	0	140s	100	1	502
r	1254	552	10	10	0	0	140s	100	1	502
r	1218	555	10	10	0	0	140s	100	1	502
r	1387	558	10	10	0	0	140s	100	1	502
r	1313	561	10	10	0	0	140s	100	1	502
r	1314	561	10	10	0	0	140s	100	1	502
r	1349	562	10	10	0	0	140s	100	1	502
r	1148	564	10	10	0	0	140s	100	1	502
r	149	601	10	10	0	0	140s	100	1	502
r	150	601	10	10	0	0	140s	100	1	502
r	217	640	10	10	0	0	140s	100	1	502
r	441	647	10	10	0	0	140s	100	1	502
r	356	648	10	10	0	0	140s	100	1	502
r	195	655	10	10	0	0	140s	100	1	502
r	331	655	10	10	0	0	140s	100	1	502
r	252	656	10	10	0	0	140s	100	1	502
r	255	662	10	10	0	0	140s	100	1	502
r	403	662	10	10	0	0	140s	100	1	502
r	525	676	10	10	0	0	140s	100	1	502
r	313	679	10	10	0	0	140s	100	1	502
r	400	688	10	10	0	0	140s	100	1	502
r	298	689	10	10	0	0	140s	100	1	502
r	227	701	10	10	0	0	140s	100	1	502
r	265	716	10	10	0	0	140s	100	1	502
r	339	717	10	10	0	0	140s	100	1	502
r	234	729	10	10	0	0	140s	100	1	502
r	177	740	10	10	0	0	140s	100	1	502
r	392	1042	10	10	0	0	140s	100	1	502
r	395	1045	10	10	0	0	140s	100	1	502
r	390	1054	10	10	0	0	140s	100	1	502
r	391	1058	10	10	0	0	140s	100	1	502
r	376	1071	10	10	0	0	140s	100	1	502
r	367	1075	10	10	0	0	140s	100	1	502
r	1131	1080	10	10	0	0	140s	100	1	502
r	1158	1080	10	10	0	0	140s	100	1	502
r	363	1091	10	10	0	0	140s	100	1	502
r	407	1111	10	10	0	0	140s	100	1	502
r	344	1114	10	10	0	0	140s	100	1	502
r	383	1114	10	10	0	0	140s	100	1	502
r	355	1117	10	10	0	0	140s	100	1	502
r	381	1117	10	10	0	0	140s	100	1	502
r	1155	1117	10	10	0	0	140s	100	1	502
r	389	1122	10	10	0	0	140s	100	1	502
r	422	1128	10	10	0	0	140s	100	1	502
r	376	1129	10	10	0	0	140s	100	1	502
r	1102	1129	10	10	0	0	140s	100	1	502
r	1107	1138	10	10	0	0	140s	100	1	502
r	1121	1145	10	10	0	0	140s	100	1	502
r	419	1164	10	10	0	0	140s	100	1	502
r	467	1172	10	10	0	0	140s	100	1	502
r	353	1176	10	10	0	0	140s	100	1	502
r	396	1181	10	10	0	0	140s	100	1	502
r	1118	1182	10	10	0	0	140s	100	1	502
r	1135	1204	10	10	0	0	140s	100	1	502
r	1150	1205	10	10	0	0	140s	100	1	502
r	379	1209	10	10	0	0	140s	100	1	502
r	401	1209	10	10	0	0	140s	100	1	502
r	406	1244	10	10	0	0	140s	100	1	502
r	346	1264	10	10	0	0	140s	100	1	502
r	345	1271	10	10	0	0	140s	100	1	502
r	346	1275	10	10	0	0	140s	100	1	502
r	1138	1279	10	10	0	0	140s	100	1	502
r	1145	1285	10	10	0	0	140s	100	1	502
r	1097	1295	10	10	0	0	140s	100	1	502
r	1107	1304	10	10	0	0	140s	100	1	502
r	337	1305	10	10	0	0	140s	100	1	502
r	351	1311	10	10	0	0	140s	100	1	502
r	371	1315	10	10	0	0	140s	100	1	502
r	1117	1320	10	10	0	0	140s	100	1	502
r	370	1325	10	10	0	0	140s	100	1	502
r	394	1327	10	10	0	0	140s	100	1	502
r	359	1339	10	10	0	0	140s	100	1	502
r	1151	1341	10	10	0	0	140s	100	1	502
r	405	1346	10	10	0	0	140s	100	1	502
r	1139	1362	10	10	0	0	140s	100	1	502
r	1095	1377	10	10	0	0	140s	100	1	502
r	1138	1377	10	10	0	0	140s	100	1	502
r	1045	1380	10	10	0	0	140s	100	1	502
r	1109	1388	10	10	0	0	140s	100	1	502
r	1115	1388	10	10	0	0	140s	100	1	502
r	386	1395	10	10	0	0	140s	100	1	502
r	398	1395	10	10	0	0	140s	100	1	502
r	1023	1402	10	10	0	0	140s	100	1	502
r	1108	1402	10	10	0	0	140s	100	1	502

g	592	632	15	20	0	0	1200s	100	1	1114
