//type	cx	cy	sx	sy	z	dir	time	percent	count	vnum
//quest_mob

//mob
r	1174	184	10	10	0	0	60s	100	1	3008
r	1266	192	10	10	0	0	60s	100	1	3008
r	1147	198	10	10	0	0	60s	100	1	3008
r	1195	198	10	10	0	0	60s	100	1	3008
r	1164	209	10	10	0	0	60s	100	1	3008
r	1174	209	10	10	0	0	60s	100	1	3008
r	1266	209	10	10	0	0	60s	100	1	3008
r	1191	216	10	10	0	0	60s	100	1	3008
r	1196	222	10	10	0	0	60s	100	1	3008
r	1217	225	10	10	0	0	60s	100	1	3008
r	1229	226	10	10	0	0	60s	100	1	3008
r	954	228	10	10	0	0	60s	100	1	3008
r	1257	230	10	10	0	0	60s	100	1	3008
r	1226	236	10	10	0	0	60s	100	1	3008
r	965	238	10	10	0	0	60s	100	1	3008
r	1189	239	10	10	0	0	60s	100	1	3008
r	983	254	10	10	0	0	60s	100	1	3008
r	969	256	10	10	0	0	60s	100	1	3008
r	1157	257	10	10	0	0	60s	100	1	3008
r	1217	257	10	10	0	0	60s	100	1	3008
r	1265	257	10	10	0	0	60s	100	1	3008
r	983	262	10	10	0	0	60s	100	1	3008
r	1147	263	10	10	0	0	60s	100	1	3008
r	1240	264	10	10	0	0	60s	100	1	3008
r	1110	268	10	10	0	0	60s	100	1	3008
r	1147	270	10	10	0	0	60s	100	1	3008
r	1174	274	10	10	0	0	60s	100	1	3008
r	1197	275	10	10	0	0	60s	100	1	3008
r	1227	275	10	10	0	0	60s	100	1	3008
r	983	276	10	10	0	0	60s	100	1	3008
r	1109	276	10	10	0	0	60s	100	1	3008
r	1079	285	10	10	0	0	60s	100	1	3008
r	1190	292	10	10	0	0	60s	100	1	3008
r	1080	300	10	10	0	0	60s	100	1	3008
r	979	309	10	10	0	0	60s	100	1	3008
r	1046	310	10	10	0	0	60s	100	1	3008
r	967	315	10	10	0	0	60s	100	1	3008
r	1156	317	10	10	0	0	60s	100	1	3008
r	1078	318	10	10	0	0	60s	100	1	3008
r	1196	322	10	10	0	0	60s	100	1	3008
r	1136	331	10	10	0	0	60s	100	1	3008
r	1045	336	10	10	0	0	60s	100	1	3008
r	1129	336	10	10	0	0	60s	100	1	3008
r	1099	338	10	10	0	0	60s	100	1	3008
r	1104	344	10	10	0	0	60s	100	1	3008
r	1059	350	10	10	0	0	60s	100	1	3008
r	1089	350	10	10	0	0	60s	100	1	3008
r	1095	355	10	10	0	0	60s	100	1	3008
r	1122	358	10	10	0	0	60s	100	1	3008
r	1135	362	10	10	0	0	60s	100	1	3008
r	1157	363	10	10	0	0	60s	100	1	3008
r	1157	364	10	10	0	0	60s	100	1	3008
r	1068	368	10	10	0	0	60s	100	1	3008
r	1111	368	10	10	0	0	60s	100	1	3008
r	1113	368	10	10	0	0	60s	100	1	3008
r	1149	368	10	10	0	0	60s	100	1	3008
r	1162	373	10	10	0	0	60s	100	1	3008
r	1063	374	10	10	0	0	60s	100	1	3008
r	1165	379	10	10	0	0	60s	100	1	3008
r	1121	388	10	10	0	0	60s	100	1	3008
r	1159	393	10	10	0	0	60s	100	1	3008
r	1116	395	10	10	0	0	60s	100	1	3008
r	1121	396	10	10	0	0	60s	100	1	3008
r	1125	397	10	10	0	0	60s	100	1	3008
r	951	529	10	10	0	0	60s	100	1	3008
r	922	555	10	10	0	0	60s	100	1	3008
r	974	323	10	10	0	0	60s	100	1	3009
r	977	323	10	10	0	0	60s	100	1	3009
r	943	324	10	10	0	0	60s	100	1	3009
r	921	328	10	10	0	0	60s	100	1	3009
r	952	332	10	10	0	0	60s	100	1	3009
r	899	335	10	10	0	0	60s	100	1	3009
r	941	342	10	10	0	0	60s	100	1	3009
r	881	344	10	10	0	0	60s	100	1	3009
r	966	345	10	10	0	0	60s	100	1	3009
r	896	355	10	10	0	0	60s	100	1	3009
r	868	359	10	10	0	0	60s	100	1	3009
r	927	360	10	10	0	0	60s	100	1	3009
r	864	364	10	10	0	0	60s	100	1	3009
r	936	368	10	10	0	0	60s	100	1	3009
r	943	368	10	10	0	0	60s	100	1	3009
r	876	371	10	10	0	0	60s	100	1	3009
r	921	382	10	10	0	0	60s	100	1	3009
r	865	389	10	10	0	0	60s	100	1	3009
r	1077	395	10	10	0	0	60s	100	1	3009
r	892	397	10	10	0	0	60s	100	1	3009
r	902	397	10	10	0	0	60s	100	1	3009
r	890	399	10	10	0	0	60s	100	1	3009
r	1054	399	10	10	0	0	60s	100	1	3009
r	1091	412	10	10	0	0	60s	100	1	3009
r	1021	417	10	10	0	0	60s	100	1	3009
r	1092	423	10	10	0	0	60s	100	1	3009
r	1053	427	10	10	0	0	60s	100	1	3009
r	1001	432	10	10	0	0	60s	100	1	3009
r	1037	437	10	10	0	0	60s	100	1	3009
r	1052	441	10	10	0	0	60s	100	1	3009
r	1018	448	10	10	0	0	60s	100	1	3009
r	1060	451	10	10	0	0	60s	100	1	3009
r	957	453	10	10	0	0	60s	100	1	3009
r	1011	455	10	10	0	0	60s	100	1	3009
r	950	456	10	10	0	0	60s	100	1	3009
r	1045	457	10	10	0	0	60s	100	1	3009
r	1047	457	10	10	0	0	60s	100	1	3009
r	971	460	10	10	0	0	60s	100	1	3009
r	1013	463	10	10	0	0	60s	100	1	3009
r	962	473	10	10	0	0	60s	100	1	3009
r	1025	477	10	10	0	0	60s	100	1	3009
r	948	479	10	10	0	0	60s	100	1	3009
r	1032	483	10	10	0	0	60s	100	1	3009
r	1007	484	10	10	0	0	60s	100	1	3009
r	1004	490	10	10	0	0	60s	100	1	3009
r	1018	498	10	10	0	0	60s	100	1	3009
r	1001	499	10	10	0	0	60s	100	1	3009
r	1003	512	10	10	0	0	60s	100	1	3009
r	991	518	10	10	0	0	60s	100	1	3009
r	970	183	10	10	0	0	60s	100	1	3007
r	965	189	10	10	0	0	60s	100	1	3007
r	1325	196	10	10	0	0	60s	100	1	3007
r	1286	199	10	10	0	0	60s	100	1	3007
r	1310	199	10	10	0	0	60s	100	1	3007
r	944	201	10	10	0	0	60s	100	1	3007
r	955	201	10	10	0	0	60s	100	1	3007
r	1295	201	10	10	0	0	60s	100	1	3007
r	997	202	10	10	0	0	60s	100	1	3007
r	1028	206	10	10	0	0	60s	100	1	3007
r	1333	206	10	10	0	0	60s	100	1	3007
r	973	213	10	10	0	0	60s	100	1	3007
r	1059	215	10	10	0	0	60s	100	1	3007
r	968	216	10	10	0	0	60s	100	1	3007
r	1292	219	10	10	0	0	60s	100	1	3007
r	1297	219	10	10	0	0	60s	100	1	3007
r	1060	220	10	10	0	0	60s	100	1	3007
r	1270	221	10	10	0	0	60s	100	1	3007
r	1056	225	10	10	0	0	60s	100	1	3007
r	1355	226	10	10	0	0	60s	100	1	3007
r	1073	227	10	10	0	0	60s	100	1	3007
r	1292	227	10	10	0	0	60s	100	1	3007
r	1295	227	10	10	0	0	60s	100	1	3007
r	1050	228	10	10	0	0	60s	100	1	3007
r	1070	230	10	10	0	0	60s	100	1	3007
r	1354	231	10	10	0	0	60s	100	1	3007
r	1068	238	10	10	0	0	60s	100	1	3007
r	1291	244	10	10	0	0	60s	100	1	3007
r	1365	250	10	10	0	0	60s	100	1	3007
r	1342	273	10	10	0	0	60s	100	1	3007
r	1302	280	10	10	0	0	60s	100	1	3007
r	1287	290	10	10	0	0	60s	100	1	3007
r	1362	301	10	10	0	0	60s	100	1	3007
r	1334	305	10	10	0	0	60s	100	1	3007
r	1336	309	10	10	0	0	60s	100	1	3007
r	1332	311	10	10	0	0	60s	100	1	3007
r	1349	311	10	10	0	0	60s	100	1	3007
r	1332	325	10	10	0	0	60s	100	1	3007
r	1319	341	10	10	0	0	60s	100	1	3007
r	1347	341	10	10	0	0	60s	100	1	3007
r	1327	345	10	10	0	0	60s	100	1	3007
r	1301	354	10	10	0	0	60s	100	1	3007
r	1307	362	10	10	0	0	60s	100	1	3007
r	1337	363	10	10	0	0	60s	100	1	3007
r	1350	382	10	10	0	0	60s	100	1	3007
r	1348	385	10	10	0	0	60s	100	1	3007
r	1302	393	10	10	0	0	60s	100	1	3007
r	1347	411	10	10	0	0	60s	100	1	3007
r	1298	435	10	10	0	0	60s	100	1	3007
r	1282	443	10	10	0	0	60s	100	1	3007
r	1305	444	10	10	0	0	60s	100	1	3007
r	1295	447	10	10	0	0	60s	100	1	3007
r	1326	486	10	10	0	0	60s	100	1	3007
r	1294	507	10	10	0	0	60s	100	1	3007
r	1315	508	10	10	0	0	60s	100	1	3007
r	1325	508	10	10	0	0	60s	100	1	3007
r	1326	509	10	10	0	0	60s	100	1	3007
r	1246	525	10	10	0	0	60s	100	1	3007
r	1302	526	10	10	0	0	60s	100	1	3007
r	1271	532	10	10	0	0	60s	100	1	3007
r	595	163	10	10	0	0	60s	100	1	3003
r	530	164	10	10	0	0	60s	100	1	3003
r	532	178	10	10	0	0	60s	100	1	3003
r	455	180	10	10	0	0	60s	100	1	3003
r	577	180	10	10	0	0	60s	100	1	3003
r	641	180	10	10	0	0	60s	100	1	3003
r	419	183	10	10	0	0	60s	100	1	3003
r	650	183	10	10	0	0	60s	100	1	3003
r	543	184	10	10	0	0	60s	100	1	3003
r	516	185	10	10	0	0	60s	100	1	3003
r	646	186	10	10	0	0	60s	100	1	3003
r	582	188	10	10	0	0	60s	100	1	3003
r	658	195	10	10	0	0	60s	100	1	3003
r	448	199	10	10	0	0	60s	100	1	3003
r	460	201	10	10	0	0	60s	100	1	3003
r	490	201	10	10	0	0	60s	100	1	3003
r	550	201	10	10	0	0	60s	100	1	3003
r	246	209	10	10	0	0	60s	100	1	3003
r	721	211	10	10	0	0	60s	100	1	3003
r	481	214	10	10	0	0	60s	100	1	3003
r	437	215	10	10	0	0	60s	100	1	3003
r	654	215	10	10	0	0	60s	100	1	3003
r	716	215	10	10	0	0	60s	100	1	3003
r	716	220	10	10	0	0	60s	100	1	3003
r	263	221	10	10	0	0	60s	100	1	3003
r	493	222	10	10	0	0	60s	100	1	3003
r	469	223	10	10	0	0	60s	100	1	3003
r	475	223	10	10	0	0	60s	100	1	3003
r	235	224	10	10	0	0	60s	100	1	3003
r	267	224	10	10	0	0	60s	100	1	3003
r	699	228	10	10	0	0	60s	100	1	3003
r	296	230	10	10	0	0	60s	100	1	3003
r	697	230	10	10	0	0	60s	100	1	3003
r	430	235	10	10	0	0	60s	100	1	3003
r	249	238	10	10	0	0	60s	100	1	3003
r	234	239	10	10	0	0	60s	100	1	3003
r	394	241	10	10	0	0	60s	100	1	3003
r	672	242	10	10	0	0	60s	100	1	3003
r	413	243	10	10	0	0	60s	100	1	3003
r	228	244	10	10	0	0	60s	100	1	3003
r	377	245	10	10	0	0	60s	100	1	3003
r	425	249	10	10	0	0	60s	100	1	3003
r	294	251	10	10	0	0	60s	100	1	3003
r	360	253	10	10	0	0	60s	100	1	3003
r	661	254	10	10	0	0	60s	100	1	3003
r	368	255	10	10	0	0	60s	100	1	3003
r	296	263	10	10	0	0	60s	100	1	3003
r	299	263	10	10	0	0	60s	100	1	3003
r	283	270	10	10	0	0	60s	100	1	3003
r	251	271	10	10	0	0	60s	100	1	3003
r	294	272	10	10	0	0	60s	100	1	3003
r	235	276	10	10	0	0	60s	100	1	3003
r	694	279	10	10	0	0	60s	100	1	3003
r	654	281	10	10	0	0	60s	100	1	3003
r	260	285	10	10	0	0	60s	100	1	3003
r	239	288	10	10	0	0	60s	100	1	3003
r	609	291	10	10	0	0	60s	100	1	3003
r	689	292	10	10	0	0	60s	100	1	3003
r	631	293	10	10	0	0	60s	100	1	3003
r	573	294	10	10	0	0	60s	100	1	3003
r	692	295	10	10	0	0	60s	100	1	3003
r	234	297	10	10	0	0	60s	100	1	3003
r	659	298	10	10	0	0	60s	100	1	3003
r	549	301	10	10	0	0	60s	100	1	3003
r	222	303	10	10	0	0	60s	100	1	3003
r	184	305	10	10	0	0	60s	100	1	3003
r	654	308	10	10	0	0	60s	100	1	3003
r	250	309	10	10	0	0	60s	100	1	3003
r	619	309	10	10	0	0	60s	100	1	3003
r	206	311	10	10	0	0	60s	100	1	3003
r	541	315	10	10	0	0	60s	100	1	3003
r	487	319	10	10	0	0	60s	100	1	3003
r	250	320	10	10	0	0	60s	100	1	3003
r	528	321	10	10	0	0	60s	100	1	3003
r	540	323	10	10	0	0	60s	100	1	3003
r	182	327	10	10	0	0	60s	100	1	3003
r	562	328	10	10	0	0	60s	100	1	3003
r	499	331	10	10	0	0	60s	100	1	3003
r	517	340	10	10	0	0	60s	100	1	3003
r	461	342	10	10	0	0	60s	100	1	3003
r	562	348	10	10	0	0	60s	100	1	3003
r	589	348	10	10	0	0	60s	100	1	3003
r	607	348	10	10	0	0	60s	100	1	3003
r	462	349	10	10	0	0	60s	100	1	3003
r	430	350	10	10	0	0	60s	100	1	3003
r	429	353	10	10	0	0	60s	100	1	3003
r	408	359	10	10	0	0	60s	100	1	3003
r	569	359	10	10	0	0	60s	100	1	3003
r	418	361	10	10	0	0	60s	100	1	3003
r	439	363	10	10	0	0	60s	100	1	3003
r	176	364	10	10	0	0	60s	100	1	3003
r	196	367	10	10	0	0	60s	100	1	3003
r	178	372	10	10	0	0	60s	100	1	3003
r	199	375	10	10	0	0	60s	100	1	3003
r	188	377	10	10	0	0	60s	100	1	3003
r	416	379	10	10	0	0	60s	100	1	3003
r	217	381	10	10	0	0	60s	100	1	3003
r	185	382	10	10	0	0	60s	100	1	3003
r	584	383	10	10	0	0	60s	100	1	3003
r	198	388	10	10	0	0	60s	100	1	3003
r	237	389	10	10	0	0	60s	100	1	3003
r	180	393	10	10	0	0	60s	100	1	3003
r	418	397	10	10	0	0	60s	100	1	3003
r	198	399	10	10	0	0	60s	100	1	3003
r	199	399	10	10	0	0	60s	100	1	3003
r	429	400	10	10	0	0	60s	100	1	3003
r	606	401	10	10	0	0	60s	100	1	3003
r	665	402	10	10	0	0	60s	100	1	3003
r	669	402	10	10	0	0	60s	100	1	3003
r	182	403	10	10	0	0	60s	100	1	3003
r	225	403	10	10	0	0	60s	100	1	3003
r	641	403	10	10	0	0	60s	100	1	3003
r	176	404	10	10	0	0	60s	100	1	3003
r	258	414	10	10	0	0	60s	100	1	3003
r	671	415	10	10	0	0	60s	100	1	3003
r	674	419	10	10	0	0	60s	100	1	3003
r	169	421	10	10	0	0	60s	100	1	3003
r	627	421	10	10	0	0	60s	100	1	3003
r	459	424	10	10	0	0	60s	100	1	3003
r	626	424	10	10	0	0	60s	100	1	3003
r	647	425	10	10	0	0	60s	100	1	3003
r	444	426	10	10	0	0	60s	100	1	3003
r	200	433	10	10	0	0	60s	100	1	3003
r	585	436	10	10	0	0	60s	100	1	3003
r	448	444	10	10	0	0	60s	100	1	3003
r	180	446	10	10	0	0	60s	100	1	3003
r	423	446	10	10	0	0	60s	100	1	3003
r	239	448	10	10	0	0	60s	100	1	3003
r	378	450	10	10	0	0	60s	100	1	3003
r	381	453	10	10	0	0	60s	100	1	3003
r	393	453	10	10	0	0	60s	100	1	3003
r	655	458	10	10	0	0	60s	100	1	3003
r	257	461	10	10	0	0	60s	100	1	3003
r	420	463	10	10	0	0	60s	100	1	3003
r	589	463	10	10	0	0	60s	100	1	3003
r	611	464	10	10	0	0	60s	100	1	3003
r	461	467	10	10	0	0	60s	100	1	3003
r	388	468	10	10	0	0	60s	100	1	3003
r	465	468	10	10	0	0	60s	100	1	3003
r	480	468	10	10	0	0	60s	100	1	3003
r	595	469	10	10	0	0	60s	100	1	3003
r	214	473	10	10	0	0	60s	100	1	3003
r	460	473	10	10	0	0	60s	100	1	3003
r	556	474	10	10	0	0	60s	100	1	3003
r	625	480	10	10	0	0	60s	100	1	3003
r	501	486	10	10	0	0	60s	100	1	3003
r	221	490	10	10	0	0	60s	100	1	3003
r	239	490	10	10	0	0	60s	100	1	3003
r	506	491	10	10	0	0	60s	100	1	3003
r	240	499	10	10	0	0	60s	100	1	3003
r	473	500	10	10	0	0	60s	100	1	3003
r	473	501	10	10	0	0	60s	100	1	3003
r	526	501	10	10	0	0	60s	100	1	3003
r	276	502	10	10	0	0	60s	100	1	3003
r	289	504	10	10	0	0	60s	100	1	3003
r	336	509	10	10	0	0	60s	100	1	3003
r	538	510	10	10	0	0	60s	100	1	3003
r	324	513	10	10	0	0	60s	100	1	3003
r	324	516	10	10	0	0	60s	100	1	3003
r	246	520	10	10	0	0	60s	100	1	3003
r	528	520	10	10	0	0	60s	100	1	3003
r	225	529	10	10	0	0	60s	100	1	3003
r	862	556	10	10	0	0	60s	100	1	3003
r	869	568	10	10	0	0	60s	100	1	3003
r	865	571	10	10	0	0	60s	100	1	3003
r	845	574	10	10	0	0	60s	100	1	3003
r	908	578	10	10	0	0	60s	100	1	3003
r	869	581	10	10	0	0	60s	100	1	3003
r	902	581	10	10	0	0	60s	100	1	3003
r	902	592	10	10	0	0	60s	100	1	3003
r	828	601	10	10	0	0	60s	100	1	3003
r	865	602	10	10	0	0	60s	100	1	3003
r	853	607	10	10	0	0	60s	100	1	3003
r	841	610	10	10	0	0	60s	100	1	3003
r	901	610	10	10	0	0	60s	100	1	3003
r	811	617	10	10	0	0	60s	100	1	3003
r	916	617	10	10	0	0	60s	100	1	3003
r	832	630	10	10	0	0	60s	100	1	3003
r	898	637	10	10	0	0	60s	100	1	3003
r	880	644	10	10	0	0	60s	100	1	3003
r	819	648	10	10	0	0	60s	100	1	3003
r	886	650	10	10	0	0	60s	100	1	3003
r	877	657	10	10	0	0	60s	100	1	3003
r	833	658	10	10	0	0	60s	100	1	3003
r	898	660	10	10	0	0	60s	100	1	3003
r	884	671	10	10	0	0	60s	100	1	3003
r	835	685	10	10	0	0	60s	100	1	3003
r	883	690	10	10	0	0	60s	100	1	3003
r	865	691	10	10	0	0	60s	100	1	3003
r	823	693	10	10	0	0	60s	100	1	3003
r	873	197	10	10	0	0	60s	100	1	3002
r	887	199	10	10	0	0	60s	100	1	3002
r	886	201	10	10	0	0	60s	100	1	3002
r	895	206	10	10	0	0	60s	100	1	3002
r	902	209	10	10	0	0	60s	100	1	3002
r	862	210	10	10	0	0	60s	100	1	3002
r	850	212	10	10	0	0	60s	100	1	3002
r	880	214	10	10	0	0	60s	100	1	3002
r	799	215	10	10	0	0	60s	100	1	3002
r	740	218	10	10	0	0	60s	100	1	3002
r	890	220	10	10	0	0	60s	100	1	3002
r	940	220	10	10	0	0	60s	100	1	3002
r	851	221	10	10	0	0	60s	100	1	3002
r	896	226	10	10	0	0	60s	100	1	3002
r	865	228	10	10	0	0	60s	100	1	3002
r	842	230	10	10	0	0	60s	100	1	3002
r	803	235	10	10	0	0	60s	100	1	3002
r	783	237	10	10	0	0	60s	100	1	3002
r	746	245	10	10	0	0	60s	100	1	3002
r	794	245	10	10	0	0	60s	100	1	3002
r	772	247	10	10	0	0	60s	100	1	3002
r	593	501	10	10	0	0	60s	100	1	3002
r	606	511	10	10	0	0	60s	100	1	3002
r	624	532	10	10	0	0	60s	100	1	3002
r	469	537	10	10	0	0	60s	100	1	3002
r	430	542	10	10	0	0	60s	100	1	3002
r	266	551	10	10	0	0	60s	100	1	3002
r	536	557	10	10	0	0	60s	100	1	3002
r	491	558	10	10	0	0	60s	100	1	3002
r	462	560	10	10	0	0	60s	100	1	3002
r	266	561	10	10	0	0	60s	100	1	3002
r	611	567	10	10	0	0	60s	100	1	3002
r	548	569	10	10	0	0	60s	100	1	3002
r	538	577	10	10	0	0	60s	100	1	3002
r	925	582	10	10	0	0	60s	100	1	3002
r	547	584	10	10	0	0	60s	100	1	3002
r	225	599	10	10	0	0	60s	100	1	3002
r	281	599	10	10	0	0	60s	100	1	3002
r	569	602	10	10	0	0	60s	100	1	3002
r	288	604	10	10	0	0	60s	100	1	3002
r	463	621	10	10	0	0	60s	100	1	3002
r	560	623	10	10	0	0	60s	100	1	3002
r	619	623	10	10	0	0	60s	100	1	3002
r	1000	624	10	10	0	0	60s	100	1	3002
r	248	626	10	10	0	0	60s	100	1	3002
r	573	627	10	10	0	0	60s	100	1	3002
r	250	628	10	10	0	0	60s	100	1	3002
r	417	629	10	10	0	0	60s	100	1	3002
r	305	631	10	10	0	0	60s	100	1	3002
r	466	641	10	10	0	0	60s	100	1	3002
r	575	645	10	10	0	0	60s	100	1	3002
r	1001	645	10	10	0	0	60s	100	1	3002
r	447	647	10	10	0	0	60s	100	1	3002
r	205	650	10	10	0	0	60s	100	1	3002
r	220	651	10	10	0	0	60s	100	1	3002
r	290	651	10	10	0	0	60s	100	1	3002
r	202	657	10	10	0	0	60s	100	1	3002
r	985	658	10	10	0	0	60s	100	1	3002
r	949	659	10	10	0	0	60s	100	1	3002
r	604	663	10	10	0	0	60s	100	1	3002
r	995	663	10	10	0	0	60s	100	1	3002
r	242	666	10	10	0	0	60s	100	1	3002
r	558	668	10	10	0	0	60s	100	1	3002
r	311	669	10	10	0	0	60s	100	1	3002
r	264	670	10	10	0	0	60s	100	1	3002
r	311	670	10	10	0	0	60s	100	1	3002
r	563	675	10	10	0	0	60s	100	1	3002
r	614	675	10	10	0	0	60s	100	1	3002
r	495	677	10	10	0	0	60s	100	1	3002
r	512	677	10	10	0	0	60s	100	1	3002
r	514	677	10	10	0	0	60s	100	1	3002
r	571	677	10	10	0	0	60s	100	1	3002
r	263	680	10	10	0	0	60s	100	1	3002
r	298	680	10	10	0	0	60s	100	1	3002
r	970	681	10	10	0	0	60s	100	1	3002
r	593	685	10	10	0	0	60s	100	1	3002
r	259	686	10	10	0	0	60s	100	1	3002
r	330	698	10	10	0	0	60s	100	1	3002
r	507	700	10	10	0	0	60s	100	1	3002
r	800	700	10	10	0	0	60s	100	1	3002
r	996	701	10	10	0	0	60s	100	1	3002
r	916	704	10	10	0	0	60s	100	1	3002
r	306	706	10	10	0	0	60s	100	1	3002
r	823	707	10	10	0	0	60s	100	1	3002
r	253	708	10	10	0	0	60s	100	1	3002
r	797	708	10	10	0	0	60s	100	1	3002
r	238	710	10	10	0	0	60s	100	1	3002
r	943	715	10	10	0	0	60s	100	1	3002
r	957	716	10	10	0	0	60s	100	1	3002
r	797	719	10	10	0	0	60s	100	1	3002
r	256	721	10	10	0	0	60s	100	1	3002
r	919	721	10	10	0	0	60s	100	1	3002
r	315	722	10	10	0	0	60s	100	1	3002
r	325	722	10	10	0	0	60s	100	1	3002
r	783	723	10	10	0	0	60s	100	1	3002
r	992	723	10	10	0	0	60s	100	1	3002
r	791	725	10	10	0	0	60s	100	1	3002
r	804	725	10	10	0	0	60s	100	1	3002
r	944	726	10	10	0	0	60s	100	1	3002
r	891	728	10	10	0	0	60s	100	1	3002
r	209	736	10	10	0	0	60s	100	1	3002
r	841	736	10	10	0	0	60s	100	1	3002
r	957	736	10	10	0	0	60s	100	1	3002
r	270	737	10	10	0	0	60s	100	1	3002
r	206	738	10	10	0	0	60s	100	1	3002
r	336	739	10	10	0	0	60s	100	1	3002
r	303	740	10	10	0	0	60s	100	1	3002
r	960	740	10	10	0	0	60s	100	1	3002
r	959	745	10	10	0	0	60s	100	1	3002
r	359	746	10	10	0	0	60s	100	1	3002
r	806	748	10	10	0	0	60s	100	1	3002
r	987	749	10	10	0	0	60s	100	1	3002
r	240	750	10	10	0	0	60s	100	1	3002
r	183	757	10	10	0	0	60s	100	1	3002
r	949	761	10	10	0	0	60s	100	1	3002
r	363	766	10	10	0	0	60s	100	1	3002
r	338	767	10	10	0	0	60s	100	1	3002
r	862	769	10	10	0	0	60s	100	1	3002
r	260	771	10	10	0	0	60s	100	1	3002
r	963	772	10	10	0	0	60s	100	1	3002
r	238	774	10	10	0	0	60s	100	1	3002
r	335	776	10	10	0	0	60s	100	1	3002
r	238	779	10	10	0	0	60s	100	1	3002
r	285	779	10	10	0	0	60s	100	1	3002
r	255	804	10	10	0	0	60s	100	1	3002
r	223	808	10	10	0	0	60s	100	1	3002
r	248	819	10	10	0	0	60s	100	1	3002
r	225	822	10	10	0	0	60s	100	1	3002
r	235	826	10	10	0	0	60s	100	1	3002
r	179	833	10	10	0	0	60s	100	1	3002
r	267	833	10	10	0	0	60s	100	1	3002
r	1281	630	10	10	0	0	60s	100	1	3016
r	1253	635	10	10	0	0	60s	100	1	3016
r	1261	643	10	10	0	0	60s	100	1	3016
r	1241	671	10	10	0	0	60s	100	1	3016
r	1210	674	10	10	0	0	60s	100	1	3016
r	1200	686	10	10	0	0	60s	100	1	3016
r	1205	702	10	10	0	0	60s	100	1	3016
r	1294	715	10	10	0	0	60s	100	1	3016
r	1306	724	10	10	0	0	60s	100	1	3016
r	1314	731	10	10	0	0	60s	100	1	3016
r	1364	735	10	10	0	0	60s	100	1	3016
r	1219	749	10	10	0	0	60s	100	1	3016
r	1163	750	10	10	0	0	60s	100	1	3016
r	1234	750	10	10	0	0	60s	100	1	3016
r	1354	760	10	10	0	0	60s	100	1	3016
r	1190	762	10	10	0	0	60s	100	1	3016
r	1173	765	10	10	0	0	60s	100	1	3016
r	1214	766	10	10	0	0	60s	100	1	3016
r	1197	772	10	10	0	0	60s	100	1	3016
r	1327	772	10	10	0	0	60s	100	1	3016
r	1356	777	10	10	0	0	60s	100	1	3016
r	1231	780	10	10	0	0	60s	100	1	3016
r	1144	781	10	10	0	0	60s	100	1	3016
r	1245	783	10	10	0	0	60s	100	1	3016
r	1251	784	10	10	0	0	60s	100	1	3016
r	1341	791	10	10	0	0	60s	100	1	3016
r	1219	793	10	10	0	0	60s	100	1	3016
r	1222	798	10	10	0	0	60s	100	1	3016
r	1184	813	10	10	0	0	60s	100	1	3016
r	1162	814	10	10	0	0	60s	100	1	3016
r	1301	821	10	10	0	0	60s	100	1	3016
r	1140	822	10	10	0	0	60s	100	1	3016
r	1161	825	10	10	0	0	60s	100	1	3016
r	1170	833	10	10	0	0	60s	100	1	3016
r	1241	840	10	10	0	0	60s	100	1	3016
r	1183	848	10	10	0	0	60s	100	1	3016
r	1191	848	10	10	0	0	60s	100	1	3016
r	1110	851	10	10	0	0	60s	100	1	3016
r	1251	852	10	10	0	0	60s	100	1	3016
r	1255	856	10	10	0	0	60s	100	1	3016
r	1238	860	10	10	0	0	60s	100	1	3016
r	1190	869	10	10	0	0	60s	100	1	3016
r	1253	878	10	10	0	0	60s	100	1	3016
r	1102	884	10	10	0	0	60s	100	1	3016
r	1162	885	10	10	0	0	60s	100	1	3016
r	1194	886	10	10	0	0	60s	100	1	3016
r	1190	903	10	10	0	0	60s	100	1	3016
r	1191	911	10	10	0	0	60s	100	1	3016
r	1075	912	10	10	0	0	60s	100	1	3016
r	1150	912	10	10	0	0	60s	100	1	3016
r	1129	928	10	10	0	0	60s	100	1	3016
r	1093	947	10	10	0	0	60s	100	1	3016
r	1083	957	10	10	0	0	60s	100	1	3016
r	1095	962	10	10	0	0	60s	100	1	3016
r	1084	975	10	10	0	0	60s	100	1	3016
r	881	986	10	10	0	0	60s	100	1	3016
r	1002	997	10	10	0	0	60s	100	1	3016
r	1006	1008	10	10	0	0	60s	100	1	3016
r	913	1016	10	10	0	0	60s	100	1	3016
r	1000	1019	10	10	0	0	60s	100	1	3016
r	997	1024	10	10	0	0	60s	100	1	3016
r	1024	1040	10	10	0	0	60s	100	1	3016
r	944	1046	10	10	0	0	60s	100	1	3016
r	991	1046	10	10	0	0	60s	100	1	3016
r	1067	1047	10	10	0	0	60s	100	1	3016
r	1148	1047	10	10	0	0	60s	100	1	3016
r	1079	1051	10	10	0	0	60s	100	1	3016
r	1057	1065	10	10	0	0	60s	100	1	3016
r	938	1066	10	10	0	0	60s	100	1	3016
r	1081	1066	10	10	0	0	60s	100	1	3016
r	1098	1070	10	10	0	0	60s	100	1	3016
r	1146	1073	10	10	0	0	60s	100	1	3016
r	1108	1074	10	10	0	0	60s	100	1	3016
r	1108	1075	10	10	0	0	60s	100	1	3016
r	1171	1078	10	10	0	0	60s	100	1	3016
r	965	1080	10	10	0	0	60s	100	1	3016
r	970	1095	10	10	0	0	60s	100	1	3016
r	1035	1221	10	10	0	0	60s	100	1	3016
r	1043	1241	10	10	0	0	60s	100	1	3016
r	1065	1245	10	10	0	0	60s	100	1	3016
r	1063	1266	10	10	0	0	60s	100	1	3016
r	1050	1267	10	10	0	0	60s	100	1	3016
r	1005	1272	10	10	0	0	60s	100	1	3016
r	1002	1278	10	10	0	0	60s	100	1	3016
r	1010	1278	10	10	0	0	60s	100	1	3016
r	986	1280	10	10	0	0	60s	100	1	3016
r	976	1282	10	10	0	0	60s	100	1	3016
r	1007	1316	10	10	0	0	60s	100	1	3016
r	969	1352	10	10	0	0	60s	100	1	3016
r	1040	1363	10	10	0	0	60s	100	1	3016
r	977	1365	10	10	0	0	60s	100	1	3016
r	1032	1365	10	10	0	0	60s	100	1	3016
r	1051	1381	10	10	0	0	60s	100	1	3016
r	1064	1383	10	10	0	0	60s	100	1	3016
r	1127	1383	10	10	0	0	60s	100	1	3016
r	1398	792	10	10	0	0	60s	100	1	3017
r	1410	801	10	10	0	0	60s	100	1	3017
r	1377	829	10	10	0	0	60s	100	1	3017
r	1388	830	10	10	0	0	60s	100	1	3017
r	1363	834	10	10	0	0	60s	100	1	3017
r	1368	834	10	10	0	0	60s	100	1	3017
r	1352	846	10	10	0	0	60s	100	1	3017
r	1369	846	10	10	0	0	60s	100	1	3017
r	1398	850	10	10	0	0	60s	100	1	3017
r	1366	859	10	10	0	0	60s	100	1	3017
r	1372	866	10	10	0	0	60s	100	1	3017
r	1367	871	10	10	0	0	60s	100	1	3017
r	1373	891	10	10	0	0	60s	100	1	3017
r	1402	912	10	10	0	0	60s	100	1	3017
r	1375	914	10	10	0	0	60s	100	1	3017
r	1413	921	10	10	0	0	60s	100	1	3017
r	1403	932	10	10	0	0	60s	100	1	3017
r	1274	933	10	10	0	0	60s	100	1	3017
r	1431	942	10	10	0	0	60s	100	1	3017
r	1273	954	10	10	0	0	60s	100	1	3017
r	1285	968	10	10	0	0	60s	100	1	3017
r	1357	988	10	10	0	0	60s	100	1	3017
r	1289	992	10	10	0	0	60s	100	1	3017
r	1270	995	10	10	0	0	60s	100	1	3017
r	1420	1001	10	10	0	0	60s	100	1	3017
r	1425	1004	10	10	0	0	60s	100	1	3017
r	1271	1015	10	10	0	0	60s	100	1	3017
r	1418	1017	10	10	0	0	60s	100	1	3017
r	1337	1018	10	10	0	0	60s	100	1	3017
r	1343	1022	10	10	0	0	60s	100	1	3017
r	1385	1033	10	10	0	0	60s	100	1	3017
r	1396	1033	10	10	0	0	60s	100	1	3017
r	1389	1037	10	10	0	0	60s	100	1	3017
r	1358	1043	10	10	0	0	60s	100	1	3017
r	1285	1045	10	10	0	0	60s	100	1	3017
r	1347	1059	10	10	0	0	60s	100	1	3017
r	1273	1063	10	10	0	0	60s	100	1	3017
r	1323	1063	10	10	0	0	60s	100	1	3017
r	1345	1063	10	10	0	0	60s	100	1	3017
r	1309	1071	10	10	0	0	60s	100	1	3017
r	1341	1077	10	10	0	0	60s	100	1	3017
r	1391	1080	10	10	0	0	60s	100	1	3017
r	1346	1090	10	10	0	0	60s	100	1	3017
r	1356	1098	10	10	0	0	60s	100	1	3017
r	1213	1148	10	10	0	0	60s	100	1	3017
r	1287	1168	10	10	0	0	60s	100	1	3017
r	1234	1169	10	10	0	0	60s	100	1	3017
r	1196	1180	10	10	0	0	60s	100	1	3017
r	1205	1180	10	10	0	0	60s	100	1	3017
r	1248	1182	10	10	0	0	60s	100	1	3017
r	1232	1187	10	10	0	0	60s	100	1	3017
r	1234	1188	10	10	0	0	60s	100	1	3017
r	1252	1189	10	10	0	0	60s	100	1	3017
r	1272	1189	10	10	0	0	60s	100	1	3017
r	1321	1189	10	10	0	0	60s	100	1	3017
r	1259	1196	10	10	0	0	60s	100	1	3017
r	1187	1198	10	10	0	0	60s	100	1	3017
r	1246	1216	10	10	0	0	60s	100	1	3017
r	1245	1236	10	10	0	0	60s	100	1	3017
r	1247	1247	10	10	0	0	60s	100	1	3017
r	1211	1258	10	10	0	0	60s	100	1	3017
r	1274	1266	10	10	0	0	60s	100	1	3017
r	1192	1272	10	10	0	0	60s	100	1	3017
r	1239	1278	10	10	0	0	60s	100	1	3017
r	1231	1286	10	10	0	0	60s	100	1	3017
r	1207	1303	10	10	0	0	60s	100	1	3017
r	1199	1318	10	10	0	0	60s	100	1	3017
r	1187	1320	10	10	0	0	60s	100	1	3017
r	1212	1325	10	10	0	0	60s	100	1	3017
r	1229	1343	10	10	0	0	60s	100	1	3017
r	1168	1348	10	10	0	0	60s	100	1	3017
r	1259	1349	10	10	0	0	60s	100	1	3017
r	1250	1352	10	10	0	0	60s	100	1	3017
r	1194	1353	10	10	0	0	60s	100	1	3017
r	1189	1354	10	10	0	0	60s	100	1	3017
r	1262	1356	10	10	0	0	60s	100	1	3017
r	1153	1364	10	10	0	0	60s	100	1	3017
r	1179	1370	10	10	0	0	60s	100	1	3017
r	1187	1373	10	10	0	0	60s	100	1	3017
r	1158	1378	10	10	0	0	60s	100	1	3017
r	1438	1138	10	10	0	0	60s	100	1	3018
r	1385	1142	10	10	0	0	60s	100	1	3018
r	1419	1143	10	10	0	0	60s	100	1	3018
r	1415	1154	10	10	0	0	60s	100	1	3018
r	1375	1160	10	10	0	0	60s	100	1	3018
r	1434	1161	10	10	0	0	60s	100	1	3018
r	1419	1171	10	10	0	0	60s	100	1	3018
r	1421	1174	10	10	0	0	60s	100	1	3018
r	1376	1186	10	10	0	0	60s	100	1	3018
r	1398	1192	10	10	0	0	60s	100	1	3018
r	1379	1199	10	10	0	0	60s	100	1	3018
r	1323	1204	10	10	0	0	60s	100	1	3018
r	1389	1208	10	10	0	0	60s	100	1	3018
r	1407	1214	10	10	0	0	60s	100	1	3018
r	1294	1221	10	10	0	0	60s	100	1	3018
r	1396	1224	10	10	0	0	60s	100	1	3018
r	1300	1242	10	10	0	0	60s	100	1	3018
r	1390	1243	10	10	0	0	60s	100	1	3018
r	1384	1244	10	10	0	0	60s	100	1	3018
r	1323	1247	10	10	0	0	60s	100	1	3018
r	1374	1251	10	10	0	0	60s	100	1	3018
r	1330	1254	10	10	0	0	60s	100	1	3018
r	1402	1256	10	10	0	0	60s	100	1	3018
r	1384	1262	10	10	0	0	60s	100	1	3018
r	1329	1264	10	10	0	0	60s	100	1	3018
r	1295	1265	10	10	0	0	60s	100	1	3018
r	1345	1267	10	10	0	0	60s	100	1	3018
r	1303	1270	10	10	0	0	60s	100	1	3018
r	1384	1272	10	10	0	0	60s	100	1	3018
r	1393	1276	10	10	0	0	60s	100	1	3018
r	1300	1278	10	10	0	0	60s	100	1	3018
r	1321	1281	10	10	0	0	60s	100	1	3018
r	1299	1294	10	10	0	0	60s	100	1	3018
r	1301	1294	10	10	0	0	60s	100	1	3018
r	1372	1294	10	10	0	0	60s	100	1	3018
r	1346	1295	10	10	0	0	60s	100	1	3018
r	1417	1311	10	10	0	0	60s	100	1	3018
r	1301	1312	10	10	0	0	60s	100	1	3018
r	1273	1318	10	10	0	0	60s	100	1	3018
r	1317	1321	10	10	0	0	60s	100	1	3018
r	1336	1331	10	10	0	0	60s	100	1	3018
r	1377	1341	10	10	0	0	60s	100	1	3018
r	1396	1368	10	10	0	0	60s	100	1	3018
r	1401	1370	10	10	0	0	60s	100	1	3018
r	1035	571	10	10	0	0	60s	100	1	3001
r	1005	579	10	10	0	0	60s	100	1	3001
r	1010	595	10	10	0	0	60s	100	1	3001
r	1077	599	10	10	0	0	60s	100	1	3001
r	1015	605	10	10	0	0	60s	100	1	3001
r	1071	607	10	10	0	0	60s	100	1	3001
r	1048	642	10	10	0	0	60s	100	1	3001
r	1102	645	10	10	0	0	60s	100	1	3001
r	1096	654	10	10	0	0	60s	100	1	3001
r	1033	655	10	10	0	0	60s	100	1	3001
r	1157	656	10	10	0	0	60s	100	1	3001
r	1024	669	10	10	0	0	60s	100	1	3001
r	1181	669	10	10	0	0	60s	100	1	3001
r	621	683	10	10	0	0	60s	100	1	3001
r	1029	690	10	10	0	0	60s	100	1	3001
r	1012	694	10	10	0	0	60s	100	1	3001
r	598	697	10	10	0	0	60s	100	1	3001
r	639	699	10	10	0	0	60s	100	1	3001
r	1026	699	10	10	0	0	60s	100	1	3001
r	1022	707	10	10	0	0	60s	100	1	3001
r	1152	715	10	10	0	0	60s	100	1	3001
r	1160	717	10	10	0	0	60s	100	1	3001
r	619	720	10	10	0	0	60s	100	1	3001
r	1140	733	10	10	0	0	60s	100	1	3001
r	1041	736	10	10	0	0	60s	100	1	3001
r	1145	737	10	10	0	0	60s	100	1	3001
r	1151	737	10	10	0	0	60s	100	1	3001
r	1043	742	10	10	0	0	60s	100	1	3001
r	1043	744	10	10	0	0	60s	100	1	3001
r	1051	749	10	10	0	0	60s	100	1	3001
r	1118	750	10	10	0	0	60s	100	1	3001
r	1009	752	10	10	0	0	60s	100	1	3001
r	1119	763	10	10	0	0	60s	100	1	3001
r	1026	766	10	10	0	0	60s	100	1	3001
r	1070	769	10	10	0	0	60s	100	1	3001
r	660	770	10	10	0	0	60s	100	1	3001
r	395	775	10	10	0	0	60s	100	1	3001
r	1052	775	10	10	0	0	60s	100	1	3001
r	682	781	10	10	0	0	60s	100	1	3001
r	383	782	10	10	0	0	60s	100	1	3001
r	663	782	10	10	0	0	60s	100	1	3001
r	670	783	10	10	0	0	60s	100	1	3001
r	682	786	10	10	0	0	60s	100	1	3001
r	1014	791	10	10	0	0	60s	100	1	3001
r	1034	791	10	10	0	0	60s	100	1	3001
r	366	794	10	10	0	0	60s	100	1	3001
r	1058	794	10	10	0	0	60s	100	1	3001
r	1056	800	10	10	0	0	60s	100	1	3001
r	526	802	10	10	0	0	60s	100	1	3001
r	936	812	10	10	0	0	60s	100	1	3001
r	982	814	10	10	0	0	60s	100	1	3001
r	930	817	10	10	0	0	60s	100	1	3001
r	977	817	10	10	0	0	60s	100	1	3001
r	1027	817	10	10	0	0	60s	100	1	3001
r	885	819	10	10	0	0	60s	100	1	3001
r	1076	819	10	10	0	0	60s	100	1	3001
r	617	820	10	10	0	0	60s	100	1	3001
r	375	821	10	10	0	0	60s	100	1	3001
r	994	824	10	10	0	0	60s	100	1	3001
r	1012	824	10	10	0	0	60s	100	1	3001
r	751	827	10	10	0	0	60s	100	1	3001
r	959	828	10	10	0	0	60s	100	1	3001
r	422	831	10	10	0	0	60s	100	1	3001
r	583	831	10	10	0	0	60s	100	1	3001
r	660	831	10	10	0	0	60s	100	1	3001
r	927	831	10	10	0	0	60s	100	1	3001
r	1069	831	10	10	0	0	60s	100	1	3001
r	472	832	10	10	0	0	60s	100	1	3001
r	493	832	10	10	0	0	60s	100	1	3001
r	1059	833	10	10	0	0	60s	100	1	3001
r	314	837	10	10	0	0	60s	100	1	3001
r	690	837	10	10	0	0	60s	100	1	3001
r	678	838	10	10	0	0	60s	100	1	3001
r	915	838	10	10	0	0	60s	100	1	3001
r	617	839	10	10	0	0	60s	100	1	3001
r	803	839	10	10	0	0	60s	100	1	3001
r	596	842	10	10	0	0	60s	100	1	3001
r	783	842	10	10	0	0	60s	100	1	3001
r	341	844	10	10	0	0	60s	100	1	3001
r	490	844	10	10	0	0	60s	100	1	3001
r	472	845	10	10	0	0	60s	100	1	3001
r	790	846	10	10	0	0	60s	100	1	3001
r	403	847	10	10	0	0	60s	100	1	3001
r	1022	847	10	10	0	0	60s	100	1	3001
r	386	851	10	10	0	0	60s	100	1	3001
r	742	852	10	10	0	0	60s	100	1	3001
r	791	855	10	10	0	0	60s	100	1	3001
r	801	856	10	10	0	0	60s	100	1	3001
r	720	858	10	10	0	0	60s	100	1	3001
r	355	860	10	10	0	0	60s	100	1	3001
r	241	865	10	10	0	0	60s	100	1	3001
r	304	865	10	10	0	0	60s	100	1	3001
r	283	866	10	10	0	0	60s	100	1	3001
r	994	866	10	10	0	0	60s	100	1	3001
r	961	868	10	10	0	0	60s	100	1	3001
r	236	870	10	10	0	0	60s	100	1	3001
r	363	870	10	10	0	0	60s	100	1	3001
r	684	870	10	10	0	0	60s	100	1	3001
r	999	872	10	10	0	0	60s	100	1	3001
r	408	873	10	10	0	0	60s	100	1	3001
r	192	875	10	10	0	0	60s	100	1	3001
r	370	875	10	10	0	0	60s	100	1	3001
r	253	880	10	10	0	0	60s	100	1	3001
r	1073	880	10	10	0	0	60s	100	1	3001
r	1028	883	10	10	0	0	60s	100	1	3001
r	993	884	10	10	0	0	60s	100	1	3001
r	348	888	10	10	0	0	60s	100	1	3001
r	297	895	10	10	0	0	60s	100	1	3001
r	349	895	10	10	0	0	60s	100	1	3001
r	415	896	10	10	0	0	60s	100	1	3001
r	1018	896	10	10	0	0	60s	100	1	3001
r	268	898	10	10	0	0	60s	100	1	3001
r	401	898	10	10	0	0	60s	100	1	3001
r	247	903	10	10	0	0	60s	100	1	3001
r	1005	904	10	10	0	0	60s	100	1	3001
r	1060	905	10	10	0	0	60s	100	1	3001
r	1061	907	10	10	0	0	60s	100	1	3001
r	295	927	10	10	0	0	60s	100	1	3001
r	298	928	10	10	0	0	60s	100	1	3001
r	783	930	10	10	0	0	60s	100	1	3001
r	287	932	10	10	0	0	60s	100	1	3001
r	899	934	10	10	0	0	60s	100	1	3001
r	433	938	10	10	0	0	60s	100	1	3001
r	799	943	10	10	0	0	60s	100	1	3001
r	420	947	10	10	0	0	60s	100	1	3001
r	877	954	10	10	0	0	60s	100	1	3001
r	291	960	10	10	0	0	60s	100	1	3001
r	270	967	10	10	0	0	60s	100	1	3001
r	897	967	10	10	0	0	60s	100	1	3001
r	431	969	10	10	0	0	60s	100	1	3001
r	410	970	10	10	0	0	60s	100	1	3001
r	300	975	10	10	0	0	60s	100	1	3001
r	258	979	10	10	0	0	60s	100	1	3001
r	451	983	10	10	0	0	60s	100	1	3001
r	412	991	10	10	0	0	60s	100	1	3001
r	252	997	10	10	0	0	60s	100	1	3001
r	287	999	10	10	0	0	60s	100	1	3001
r	273	1010	10	10	0	0	60s	100	1	3001
r	261	1011	10	10	0	0	60s	100	1	3001
r	246	1013	10	10	0	0	60s	100	1	3001
r	314	1039	10	10	0	0	60s	100	1	3001
r	320	1039	10	10	0	0	60s	100	1	3001
r	296	1056	10	10	0	0	60s	100	1	3001
r	341	1064	10	10	0	0	60s	100	1	3001
r	346	1073	10	10	0	0	60s	100	1	3001
r	319	1078	10	10	0	0	60s	100	1	3001
r	378	1086	10	10	0	0	60s	100	1	3001
r	330	1090	10	10	0	0	60s	100	1	3001
r	346	1109	10	10	0	0	60s	100	1	3001
r	323	1113	10	10	0	0	60s	100	1	3001
r	362	1127	10	10	0	0	60s	100	1	3001

g	881	614	20	20	0	0	1800s	100	1	3008
g	434	374	20	20	0	0	1800s	100	1	3009
g	1106	319	20	20	0	0	1800s	100	1	3028
g	839	380	20	20	0	0	1800s	100	1	3029
g	1386	1325	20	20	0	0	1800s	100	1	3058
g	1167	1315	20	20	0	0	1800s	100	1	3059
