13333331616473214
2094557271
2595286925
4284728551
3823233960
2890141630
279816565
3525082188
2978443913
4063467236
1745560782
1001657559
3046646754
2812325264
2395801417
2757996820
3585251621
482624401
2764051400
848208162
2214121693
2223188440
4124244640
1182769767
2178459872
3812128866
3265997502
2796642231
2987539943
3752673939
780596090
4117891016
3149876100
132677444
3995774781
894763927
451982627
97356724
1088832077
3147955720
2990434466
302443662
4282495366
2906461817
181479713
3204140056
1111880030
3467321645
369354056
1021880076
3733582386
1618139697
3791717590
1171191647
1002724241
4058176958
747775268
2455603524
3106009229
3269416168
3747814870
2032894991
1657364940
3273993798
3997833129
1848024361
652457223
824230548
354491563
