r	107	558	10	10	0	0	120s	100	1	804
r	118	564	10	10	0	0	120s	100	1	804
r	120	575	10	10	0	0	120s	100	1	804
r	102	593	10	10	0	0	120s	100	1	804
r	79	594	10	10	0	0	120s	100	1	804
r	79	615	10	10	0	0	120s	100	1	804
r	115	642	10	10	0	0	120s	100	1	804
r	125	646	10	10	0	0	120s	100	1	804
r	156	655	10	10	0	0	120s	100	1	804
r	245	661	10	10	0	0	120s	100	1	804
r	164	664	10	10	0	0	120s	100	1	804
r	219	667	10	10	0	0	120s	100	1	804
r	212	669	10	10	0	0	120s	100	1	804
r	126	670	10	10	0	0	120s	100	1	804
r	221	674	10	10	0	0	120s	100	1	804
r	113	675	10	10	0	0	120s	100	1	804
r	160	676	10	10	0	0	120s	100	1	804
r	201	681	10	10	0	0	120s	100	1	804
r	266	682	10	10	0	0	120s	100	1	804
r	175	695	10	10	0	0	120s	100	1	804
r	195	695	10	10	0	0	120s	100	1	804
r	203	700	10	10	0	0	120s	100	1	804
r	215	702	10	10	0	0	120s	100	1	804
r	247	702	10	10	0	0	120s	100	1	804
r	78	703	10	10	0	0	120s	100	1	804
r	112	707	10	10	0	0	120s	100	1	804
r	81	709	10	10	0	0	120s	100	1	804
r	228	715	10	10	0	0	120s	100	1	804
r	100	717	10	10	0	0	120s	100	1	804
r	201	723	10	10	0	0	120s	100	1	804
r	187	725	10	10	0	0	120s	100	1	804
r	176	726	10	10	0	0	120s	100	1	804
r	72	728	10	10	0	0	120s	100	1	804
r	234	728	10	10	0	0	120s	100	1	804
r	70	731	10	10	0	0	120s	100	1	804
r	143	738	10	10	0	0	120s	100	1	804
r	238	738	10	10	0	0	120s	100	1	804
r	192	742	10	10	0	0	120s	100	1	804
r	179	745	10	10	0	0	120s	100	1	804
r	254	749	10	10	0	0	120s	100	1	804
r	189	752	10	10	0	0	120s	100	1	804
r	139	761	10	10	0	0	120s	100	1	804
r	182	763	10	10	0	0	120s	100	1	804
r	215	768	10	10	0	0	120s	100	1	804
r	90	771	10	10	0	0	120s	100	1	804
r	72	776	10	10	0	0	120s	100	1	804
r	168	776	10	10	0	0	120s	100	1	804
r	208	779	10	10	0	0	120s	100	1	804
r	74	790	10	10	0	0	120s	100	1	804
r	115	798	10	10	0	0	120s	100	1	804
r	166	799	10	10	0	0	120s	100	1	804
r	112	800	10	10	0	0	120s	100	1	804
r	170	800	10	10	0	0	120s	100	1	804
r	149	815	10	10	0	0	120s	100	1	804
r	205	816	10	10	0	0	120s	100	1	804
r	167	819	10	10	0	0	120s	100	1	804
r	109	820	10	10	0	0	120s	100	1	804
r	184	827	10	10	0	0	120s	100	1	804
r	122	833	10	10	0	0	120s	100	1	804
r	122	835	10	10	0	0	120s	100	1	804
r	225	835	10	10	0	0	120s	100	1	804
r	158	841	10	10	0	0	120s	100	1	804
r	231	842	10	10	0	0	120s	100	1	804
r	217	843	10	10	0	0	120s	100	1	804
r	226	867	10	10	0	0	120s	100	1	804
r	266	867	10	10	0	0	120s	100	1	804
r	133	873	10	10	0	0	120s	100	1	804
r	72	878	10	10	0	0	120s	100	1	804
r	275	879	10	10	0	0	120s	100	1	804
r	85	880	10	10	0	0	120s	100	1	804
r	118	881	10	10	0	0	120s	100	1	804
r	222	882	10	10	0	0	120s	100	1	804
r	172	885	10	10	0	0	120s	100	1	804
r	162	887	10	10	0	0	120s	100	1	804
r	109	888	10	10	0	0	120s	100	1	804
r	260	891	10	10	0	0	120s	100	1	804
r	221	895	10	10	0	0	120s	100	1	804
r	106	904	10	10	0	0	120s	100	1	804
r	119	929	10	10	0	0	120s	100	1	804
r	81	942	10	10	0	0	120s	100	1	804
r	124	952	10	10	0	0	120s	100	1	804
r	119	976	10	10	0	0	120s	100	1	804
r	642	362	10	10	0	0	120s	100	1	803
r	144	367	10	10	0	0	120s	100	1	803
r	569	368	10	10	0	0	120s	100	1	803
r	370	370	10	10	0	0	120s	100	1	803
r	635	370	10	10	0	0	120s	100	1	803
r	169	373	10	10	0	0	120s	100	1	803
r	379	375	10	10	0	0	120s	100	1	803
r	207	380	10	10	0	0	120s	100	1	803
r	278	380	10	10	0	0	120s	100	1	803
r	178	386	10	10	0	0	120s	100	1	803
r	661	386	10	10	0	0	120s	100	1	803
r	363	389	10	10	0	0	120s	100	1	803
r	179	390	10	10	0	0	120s	100	1	803
r	246	394	10	10	0	0	120s	100	1	803
r	563	397	10	10	0	0	120s	100	1	803
r	234	401	10	10	0	0	120s	100	1	803
r	209	406	10	10	0	0	120s	100	1	803
r	573	407	10	10	0	0	120s	100	1	803
r	393	417	10	10	0	0	120s	100	1	803
r	147	419	10	10	0	0	120s	100	1	803
r	595	420	10	10	0	0	120s	100	1	803
r	159	423	10	10	0	0	120s	100	1	803
r	168	424	10	10	0	0	120s	100	1	803
r	603	425	10	10	0	0	120s	100	1	803
r	411	428	10	10	0	0	120s	100	1	803
r	416	430	10	10	0	0	120s	100	1	803
r	670	433	10	10	0	0	120s	100	1	803
r	622	437	10	10	0	0	120s	100	1	803
r	443	441	10	10	0	0	120s	100	1	803
r	653	442	10	10	0	0	120s	100	1	803
r	392	448	10	10	0	0	120s	100	1	803
r	221	450	10	10	0	0	120s	100	1	803
r	165	455	10	10	0	0	120s	100	1	803
r	418	456	10	10	0	0	120s	100	1	803
r	397	457	10	10	0	0	120s	100	1	803
r	568	457	10	10	0	0	120s	100	1	803
r	157	458	10	10	0	0	120s	100	1	803
r	113	461	10	10	0	0	120s	100	1	803
r	132	464	10	10	0	0	120s	100	1	803
r	431	464	10	10	0	0	120s	100	1	803
r	194	468	10	10	0	0	120s	100	1	803
r	627	470	10	10	0	0	120s	100	1	803
r	95	472	10	10	0	0	120s	100	1	803
r	620	481	10	10	0	0	120s	100	1	803
r	113	483	10	10	0	0	120s	100	1	803
r	566	484	10	10	0	0	120s	100	1	803
r	138	485	10	10	0	0	120s	100	1	803
r	151	485	10	10	0	0	120s	100	1	803
r	111	493	10	10	0	0	120s	100	1	803
r	103	495	10	10	0	0	120s	100	1	803
r	229	495	10	10	0	0	120s	100	1	803
r	644	495	10	10	0	0	120s	100	1	803
r	435	496	10	10	0	0	120s	100	1	803
r	165	497	10	10	0	0	120s	100	1	803
r	217	499	10	10	0	0	120s	100	1	803
r	430	499	10	10	0	0	120s	100	1	803
r	428	500	10	10	0	0	120s	100	1	803
r	585	501	10	10	0	0	120s	100	1	803
r	218	508	10	10	0	0	120s	100	1	803
r	212	513	10	10	0	0	120s	100	1	803
r	692	515	10	10	0	0	120s	100	1	803
r	221	516	10	10	0	0	120s	100	1	803
r	209	522	10	10	0	0	120s	100	1	803
r	701	522	10	10	0	0	120s	100	1	803
r	186	523	10	10	0	0	120s	100	1	803
r	164	524	10	10	0	0	120s	100	1	803
r	136	531	10	10	0	0	120s	100	1	803
r	608	531	10	10	0	0	120s	100	1	803
r	563	533	10	10	0	0	120s	100	1	803
r	438	536	10	10	0	0	120s	100	1	803
r	685	538	10	10	0	0	120s	100	1	803
r	533	539	10	10	0	0	120s	100	1	803
r	155	543	10	10	0	0	120s	100	1	803
r	163	545	10	10	0	0	120s	100	1	803
r	204	548	10	10	0	0	120s	100	1	803
r	698	552	10	10	0	0	120s	100	1	803
r	741	557	10	10	0	0	120s	100	1	803
r	728	558	10	10	0	0	120s	100	1	803
r	708	566	10	10	0	0	120s	100	1	803
r	437	567	10	10	0	0	120s	100	1	803
r	531	569	10	10	0	0	120s	100	1	803
r	479	570	10	10	0	0	120s	100	1	803
r	525	574	10	10	0	0	120s	100	1	803
r	404	664	10	10	0	0	120s	100	1	803
r	426	667	10	10	0	0	120s	100	1	803
r	498	669	10	10	0	0	120s	100	1	803
r	515	669	10	10	0	0	120s	100	1	803
r	485	671	10	10	0	0	120s	100	1	803
r	417	678	10	10	0	0	120s	100	1	803
r	530	679	10	10	0	0	120s	100	1	803
r	402	681	10	10	0	0	120s	100	1	803
r	455	682	10	10	0	0	120s	100	1	803
r	544	682	10	10	0	0	120s	100	1	803
r	450	683	10	10	0	0	120s	100	1	803
r	496	688	10	10	0	0	120s	100	1	803
r	368	689	10	10	0	0	120s	100	1	803
r	471	690	10	10	0	0	120s	100	1	803
r	361	691	10	10	0	0	120s	100	1	803
r	442	699	10	10	0	0	120s	100	1	803
r	541	701	10	10	0	0	120s	100	1	803
r	375	703	10	10	0	0	120s	100	1	803
r	560	705	10	10	0	0	120s	100	1	803
r	527	707	10	10	0	0	120s	100	1	803
r	380	722	10	10	0	0	120s	100	1	803
r	427	728	10	10	0	0	120s	100	1	803
r	549	732	10	10	0	0	120s	100	1	803
r	399	739	10	10	0	0	120s	100	1	803
r	391	742	10	10	0	0	120s	100	1	803
r	412	751	10	10	0	0	120s	100	1	803
r	408	754	10	10	0	0	120s	100	1	803
r	416	784	10	10	0	0	120s	100	1	803
r	376	804	10	10	0	0	120s	100	1	803
r	394	817	10	10	0	0	120s	100	1	803
r	477	826	10	10	0	0	120s	100	1	803
r	393	831	10	10	0	0	120s	100	1	803
r	413	833	10	10	0	0	120s	100	1	803
r	486	841	10	10	0	0	120s	100	1	803
r	372	851	10	10	0	0	120s	100	1	803
r	464	866	10	10	0	0	120s	100	1	803
r	433	870	10	10	0	0	120s	100	1	803
r	433	874	10	10	0	0	120s	100	1	803
r	583	970	10	10	0	0	120s	100	1	803
r	897	974	10	10	0	0	120s	100	1	803
r	666	975	10	10	0	0	120s	100	1	803
r	551	976	10	10	0	0	120s	100	1	803
r	706	980	10	10	0	0	120s	100	1	803
r	399	981	10	10	0	0	120s	100	1	803
r	207	984	10	10	0	0	120s	100	1	803
r	429	986	10	10	0	0	120s	100	1	803
r	522	987	10	10	0	0	120s	100	1	803
r	199	989	10	10	0	0	120s	100	1	803
r	693	990	10	10	0	0	120s	100	1	803
r	395	991	10	10	0	0	120s	100	1	803
r	704	991	10	10	0	0	120s	100	1	803
r	809	992	10	10	0	0	120s	100	1	803
r	502	994	10	10	0	0	120s	100	1	803
r	431	997	10	10	0	0	120s	100	1	803
r	623	997	10	10	0	0	120s	100	1	803
r	648	997	10	10	0	0	120s	100	1	803
r	672	997	10	10	0	0	120s	100	1	803
r	418	999	10	10	0	0	120s	100	1	803
r	885	1002	10	10	0	0	120s	100	1	803
r	815	1004	10	10	0	0	120s	100	1	803
r	117	1005	10	10	0	0	120s	100	1	803
r	722	1006	10	10	0	0	120s	100	1	803
r	799	1006	10	10	0	0	120s	100	1	803
r	460	1008	10	10	0	0	120s	100	1	803
r	649	1009	10	10	0	0	120s	100	1	803
r	443	1010	10	10	0	0	120s	100	1	803
r	452	1010	10	10	0	0	120s	100	1	803
r	153	1011	10	10	0	0	120s	100	1	803
r	401	1011	10	10	0	0	120s	100	1	803
r	808	1011	10	10	0	0	120s	100	1	803
r	450	1021	10	10	0	0	120s	100	1	803
r	450	1023	10	10	0	0	120s	100	1	803
r	409	1025	10	10	0	0	120s	100	1	803
r	452	1028	10	10	0	0	120s	100	1	803
r	449	1035	10	10	0	0	120s	100	1	803
r	142	1037	10	10	0	0	120s	100	1	803
r	429	1037	10	10	0	0	120s	100	1	803
r	701	1037	10	10	0	0	120s	100	1	803
r	741	1037	10	10	0	0	120s	100	1	803
r	85	1041	10	10	0	0	120s	100	1	803
r	217	1043	10	10	0	0	120s	100	1	803
r	395	1043	10	10	0	0	120s	100	1	803
r	178	1044	10	10	0	0	120s	100	1	803
r	795	1044	10	10	0	0	120s	100	1	803
r	131	1045	10	10	0	0	120s	100	1	803
r	674	1045	10	10	0	0	120s	100	1	803
r	424	1046	10	10	0	0	120s	100	1	803
r	102	1055	10	10	0	0	120s	100	1	803
r	437	1056	10	10	0	0	120s	100	1	803
r	451	1057	10	10	0	0	120s	100	1	803
r	725	1059	10	10	0	0	120s	100	1	803
r	147	1060	10	10	0	0	120s	100	1	803
r	805	1060	10	10	0	0	120s	100	1	803
r	164	1063	10	10	0	0	120s	100	1	803
r	431	1064	10	10	0	0	120s	100	1	803
r	188	1065	10	10	0	0	120s	100	1	803
r	394	1066	10	10	0	0	120s	100	1	803
r	772	1068	10	10	0	0	120s	100	1	803
r	128	1069	10	10	0	0	120s	100	1	803
r	707	1069	10	10	0	0	120s	100	1	803
r	390	1073	10	10	0	0	120s	100	1	803
r	417	1073	10	10	0	0	120s	100	1	803
r	775	1074	10	10	0	0	120s	100	1	803
r	768	1080	10	10	0	0	120s	100	1	803
r	341	1083	10	10	0	0	120s	100	1	803
r	435	1083	10	10	0	0	120s	100	1	803
r	737	1084	10	10	0	0	120s	100	1	803
r	389	1086	10	10	0	0	120s	100	1	803
r	439	1086	10	10	0	0	120s	100	1	803
r	349	1087	10	10	0	0	120s	100	1	803
r	351	1095	10	10	0	0	120s	100	1	803
r	715	1096	10	10	0	0	120s	100	1	803
r	725	1097	10	10	0	0	120s	100	1	803
r	742	1097	10	10	0	0	120s	100	1	803
r	199	1098	10	10	0	0	120s	100	1	803
r	748	1098	10	10	0	0	120s	100	1	803
r	403	1099	10	10	0	0	120s	100	1	803
r	354	1100	10	10	0	0	120s	100	1	803
r	343	1108	10	10	0	0	120s	100	1	803
r	370	1108	10	10	0	0	120s	100	1	803
r	691	1109	10	10	0	0	120s	100	1	803
r	681	1111	10	10	0	0	120s	100	1	803
r	325	1112	10	10	0	0	120s	100	1	803
r	400	1112	10	10	0	0	120s	100	1	803
r	770	1115	10	10	0	0	120s	100	1	803
r	74	1118	10	10	0	0	120s	100	1	803
r	808	1119	10	10	0	0	120s	100	1	803
r	105	1120	10	10	0	0	120s	100	1	803
r	177	1122	10	10	0	0	120s	100	1	803
r	661	1126	10	10	0	0	120s	100	1	803
r	759	1134	10	10	0	0	120s	100	1	803
r	817	1138	10	10	0	0	120s	100	1	803
r	792	1143	10	10	0	0	120s	100	1	803
r	809	1143	10	10	0	0	120s	100	1	803
r	652	1149	10	10	0	0	120s	100	1	803
r	769	1150	10	10	0	0	120s	100	1	803
r	691	1153	10	10	0	0	120s	100	1	803
r	696	1153	10	10	0	0	120s	100	1	803
r	138	1157	10	10	0	0	120s	100	1	803
r	309	1157	10	10	0	0	120s	100	1	803
r	653	1161	10	10	0	0	120s	100	1	803
r	359	1163	10	10	0	0	120s	100	1	803
r	200	1164	10	10	0	0	120s	100	1	803
r	100	1168	10	10	0	0	120s	100	1	803
r	697	1168	10	10	0	0	120s	100	1	803
r	665	1169	10	10	0	0	120s	100	1	803
r	134	1173	10	10	0	0	120s	100	1	803
r	643	1173	10	10	0	0	120s	100	1	803
r	629	1177	10	10	0	0	120s	100	1	803
r	672	1179	10	10	0	0	120s	100	1	803
r	367	1180	10	10	0	0	120s	100	1	803
r	148	1182	10	10	0	0	120s	100	1	803
r	142	1183	10	10	0	0	120s	100	1	803
r	715	1183	10	10	0	0	120s	100	1	803
r	761	1183	10	10	0	0	120s	100	1	803
r	194	1188	10	10	0	0	120s	100	1	803
r	294	1189	10	10	0	0	120s	100	1	803
r	791	1190	10	10	0	0	120s	100	1	803
r	640	1191	10	10	0	0	120s	100	1	803
r	187	1192	10	10	0	0	120s	100	1	803
r	586	106	10	10	0	0	120s	100	1	801
r	958	113	10	10	0	0	120s	100	1	801
r	1027	120	10	10	0	0	120s	100	1	801
r	987	124	10	10	0	0	120s	100	1	801
r	893	128	10	10	0	0	120s	100	1	801
r	877	136	10	10	0	0	120s	100	1	801
r	939	141	10	10	0	0	120s	100	1	801
r	1031	143	10	10	0	0	120s	100	1	801
r	759	145	10	10	0	0	120s	100	1	801
r	1027	148	10	10	0	0	120s	100	1	801
r	561	155	10	10	0	0	120s	100	1	801
r	838	156	10	10	0	0	120s	100	1	801
r	956	157	10	10	0	0	120s	100	1	801
r	610	158	10	10	0	0	120s	100	1	801
r	917	160	10	10	0	0	120s	100	1	801
r	439	163	10	10	0	0	120s	100	1	801
r	1003	163	10	10	0	0	120s	100	1	801
r	877	165	10	10	0	0	120s	100	1	801
r	606	166	10	10	0	0	120s	100	1	801
r	635	167	10	10	0	0	120s	100	1	801
r	476	169	10	10	0	0	120s	100	1	801
r	808	172	10	10	0	0	120s	100	1	801
r	664	175	10	10	0	0	120s	100	1	801
r	855	175	10	10	0	0	120s	100	1	801
r	432	177	10	10	0	0	120s	100	1	801
r	840	177	10	10	0	0	120s	100	1	801
r	536	178	10	10	0	0	120s	100	1	801
r	466	181	10	10	0	0	120s	100	1	801
r	936	181	10	10	0	0	120s	100	1	801
r	425	183	10	10	0	0	120s	100	1	801
r	794	183	10	10	0	0	120s	100	1	801
r	680	187	10	10	0	0	120s	100	1	801
r	483	188	10	10	0	0	120s	100	1	801
r	958	190	10	10	0	0	120s	100	1	801
r	390	192	10	10	0	0	120s	100	1	801
r	659	194	10	10	0	0	120s	100	1	801
r	675	195	10	10	0	0	120s	100	1	801
r	390	197	10	10	0	0	120s	100	1	801
r	852	198	10	10	0	0	120s	100	1	801
r	964	198	10	10	0	0	120s	100	1	801
r	826	200	10	10	0	0	120s	100	1	801
r	412	202	10	10	0	0	120s	100	1	801
r	388	204	10	10	0	0	120s	100	1	801
r	723	207	10	10	0	0	120s	100	1	801
r	844	208	10	10	0	0	120s	100	1	801
r	383	211	10	10	0	0	120s	100	1	801
r	955	211	10	10	0	0	120s	100	1	801
r	493	212	10	10	0	0	120s	100	1	801
r	855	214	10	10	0	0	120s	100	1	801
r	881	214	10	10	0	0	120s	100	1	801
r	964	214	10	10	0	0	120s	100	1	801
r	713	217	10	10	0	0	120s	100	1	801
r	675	218	10	10	0	0	120s	100	1	801
r	540	221	10	10	0	0	120s	100	1	801
r	997	222	10	10	0	0	120s	100	1	801
r	715	223	10	10	0	0	120s	100	1	801
r	930	225	10	10	0	0	120s	100	1	801
r	907	226	10	10	0	0	120s	100	1	801
r	557	233	10	10	0	0	120s	100	1	801
r	825	234	10	10	0	0	120s	100	1	801
r	569	235	10	10	0	0	120s	100	1	801
r	892	236	10	10	0	0	120s	100	1	801
r	838	241	10	10	0	0	120s	100	1	801
r	929	245	10	10	0	0	120s	100	1	801
r	447	250	10	10	0	0	120s	100	1	801
r	481	251	10	10	0	0	120s	100	1	801
r	690	251	10	10	0	0	120s	100	1	801
r	831	253	10	10	0	0	120s	100	1	801
r	689	255	10	10	0	0	120s	100	1	801
r	925	256	10	10	0	0	120s	100	1	801
r	690	262	10	10	0	0	120s	100	1	801
r	949	262	10	10	0	0	120s	100	1	801
r	389	265	10	10	0	0	120s	100	1	801
r	976	269	10	10	0	0	120s	100	1	801
r	616	272	10	10	0	0	120s	100	1	801
r	644	273	10	10	0	0	120s	100	1	801
r	506	277	10	10	0	0	120s	100	1	801
r	649	278	10	10	0	0	120s	100	1	801
r	806	280	10	10	0	0	120s	100	1	801
r	803	281	10	10	0	0	120s	100	1	801
r	978	283	10	10	0	0	120s	100	1	801
r	796	292	10	10	0	0	120s	100	1	801
r	794	293	10	10	0	0	120s	100	1	801
r	799	295	10	10	0	0	120s	100	1	801
r	1216	633	10	10	0	0	120s	100	1	801
r	1251	646	10	10	0	0	120s	100	1	801
r	1292	648	10	10	0	0	120s	100	1	801
r	1175	653	10	10	0	0	120s	100	1	801
r	1156	659	10	10	0	0	120s	100	1	801
r	1240	659	10	10	0	0	120s	100	1	801
r	1138	665	10	10	0	0	120s	100	1	801
r	1226	669	10	10	0	0	120s	100	1	801
r	1235	670	10	10	0	0	120s	100	1	801
r	1287	675	10	10	0	0	120s	100	1	801
r	1004	677	10	10	0	0	120s	100	1	801
r	1215	681	10	10	0	0	120s	100	1	801
r	1289	682	10	10	0	0	120s	100	1	801
r	1305	686	10	10	0	0	120s	100	1	801
r	877	687	10	10	0	0	120s	100	1	801
r	865	689	10	10	0	0	120s	100	1	801
r	922	690	10	10	0	0	120s	100	1	801
r	1159	697	10	10	0	0	120s	100	1	801
r	1208	697	10	10	0	0	120s	100	1	801
r	1133	708	10	10	0	0	120s	100	1	801
r	1276	710	10	10	0	0	120s	100	1	801
r	871	711	10	10	0	0	120s	100	1	801
r	1000	718	10	10	0	0	120s	100	1	801
r	1162	721	10	10	0	0	120s	100	1	801
r	970	724	10	10	0	0	120s	100	1	801
r	1223	734	10	10	0	0	120s	100	1	801
r	1154	735	10	10	0	0	120s	100	1	801
r	959	739	10	10	0	0	120s	100	1	801
r	1314	746	10	10	0	0	120s	100	1	801
r	1130	753	10	10	0	0	120s	100	1	801
r	1322	758	10	10	0	0	120s	100	1	801
r	1300	760	10	10	0	0	120s	100	1	801
r	933	761	10	10	0	0	120s	100	1	801
r	1155	762	10	10	0	0	120s	100	1	801
r	1168	769	10	10	0	0	120s	100	1	801
r	1311	771	10	10	0	0	120s	100	1	801
r	922	772	10	10	0	0	120s	100	1	801
r	1326	786	10	10	0	0	120s	100	1	801
r	969	792	10	10	0	0	120s	100	1	801
r	908	795	10	10	0	0	120s	100	1	801
r	939	809	10	10	0	0	120s	100	1	801
r	913	814	10	10	0	0	120s	100	1	801
r	930	823	10	10	0	0	120s	100	1	801
r	965	825	10	10	0	0	120s	100	1	801
r	1112	825	10	10	0	0	120s	100	1	801
r	1158	833	10	10	0	0	120s	100	1	801
r	898	841	10	10	0	0	120s	100	1	801
r	882	856	10	10	0	0	120s	100	1	801
r	1047	861	10	10	0	0	120s	100	1	801
r	1154	864	10	10	0	0	120s	100	1	801
r	982	866	10	10	0	0	120s	100	1	801
r	986	867	10	10	0	0	120s	100	1	801
r	1099	867	10	10	0	0	120s	100	1	801
r	1113	867	10	10	0	0	120s	100	1	801
r	1020	868	10	10	0	0	120s	100	1	801
r	1041	871	10	10	0	0	120s	100	1	801
r	1123	872	10	10	0	0	120s	100	1	801
r	960	874	10	10	0	0	120s	100	1	801
r	1102	874	10	10	0	0	120s	100	1	801
r	1168	875	10	10	0	0	120s	100	1	801
r	1019	876	10	10	0	0	120s	100	1	801
r	1124	881	10	10	0	0	120s	100	1	801
r	669	1309	10	10	0	0	120s	100	1	801
r	709	1309	10	10	0	0	120s	100	1	801
r	511	1310	10	10	0	0	120s	100	1	801
r	431	1313	10	10	0	0	120s	100	1	801
r	374	1314	10	10	0	0	120s	100	1	801
r	682	1314	10	10	0	0	120s	100	1	801
r	861	1314	10	10	0	0	120s	100	1	801
r	909	1316	10	10	0	0	120s	100	1	801
r	1057	1316	10	10	0	0	120s	100	1	801
r	396	1318	10	10	0	0	120s	100	1	801
r	623	1318	10	10	0	0	120s	100	1	801
r	769	1318	10	10	0	0	120s	100	1	801
r	976	1322	10	10	0	0	120s	100	1	801
r	478	1323	10	10	0	0	120s	100	1	801
r	683	1323	10	10	0	0	120s	100	1	801
r	684	1323	10	10	0	0	120s	100	1	801
r	560	1324	10	10	0	0	120s	100	1	801
r	630	1325	10	10	0	0	120s	100	1	801
r	892	1326	10	10	0	0	120s	100	1	801
r	364	1331	10	10	0	0	120s	100	1	801
r	380	1332	10	10	0	0	120s	100	1	801
r	653	1332	10	10	0	0	120s	100	1	801
r	987	1334	10	10	0	0	120s	100	1	801
r	479	1336	10	10	0	0	120s	100	1	801
r	897	1336	10	10	0	0	120s	100	1	801
r	507	1337	10	10	0	0	120s	100	1	801
r	804	1337	10	10	0	0	120s	100	1	801
r	493	1339	10	10	0	0	120s	100	1	801
r	388	1340	10	10	0	0	120s	100	1	801
r	514	1341	10	10	0	0	120s	100	1	801
r	917	1344	10	10	0	0	120s	100	1	801
r	954	1344	10	10	0	0	120s	100	1	801
r	844	1350	10	10	0	0	120s	100	1	801
r	624	1353	10	10	0	0	120s	100	1	801
r	721	1354	10	10	0	0	120s	100	1	801
r	496	1356	10	10	0	0	120s	100	1	801
r	585	1356	10	10	0	0	120s	100	1	801
r	746	1356	10	10	0	0	120s	100	1	801
r	527	1357	10	10	0	0	120s	100	1	801
r	444	1358	10	10	0	0	120s	100	1	801
r	934	1364	10	10	0	0	120s	100	1	801
r	751	1365	10	10	0	0	120s	100	1	801
r	995	1365	10	10	0	0	120s	100	1	801
r	443	1370	10	10	0	0	120s	100	1	801
r	939	1370	10	10	0	0	120s	100	1	801
r	996	1373	10	10	0	0	120s	100	1	801
r	941	1374	10	10	0	0	120s	100	1	801
r	521	1375	10	10	0	0	120s	100	1	801
r	386	1376	10	10	0	0	120s	100	1	801
r	347	1377	10	10	0	0	120s	100	1	801
r	468	1382	10	10	0	0	120s	100	1	801
r	758	1383	10	10	0	0	120s	100	1	801
r	931	1385	10	10	0	0	120s	100	1	801
r	599	1388	10	10	0	0	120s	100	1	801
r	560	1389	10	10	0	0	120s	100	1	801
r	729	1390	10	10	0	0	120s	100	1	801
r	399	1398	10	10	0	0	120s	100	1	801
r	739	1398	10	10	0	0	120s	100	1	801
r	643	1400	10	10	0	0	120s	100	1	801
r	730	1404	10	10	0	0	120s	100	1	801
r	772	1404	10	10	0	0	120s	100	1	801
r	875	1406	10	10	0	0	120s	100	1	801
r	911	1407	10	10	0	0	120s	100	1	801
r	878	1408	10	10	0	0	120s	100	1	801
r	730	1410	10	10	0	0	120s	100	1	801
r	800	1410	10	10	0	0	120s	100	1	801
r	647	1415	10	10	0	0	120s	100	1	801
r	958	1417	10	10	0	0	120s	100	1	801
r	426	1418	10	10	0	0	120s	100	1	801
r	903	1420	10	10	0	0	120s	100	1	801
r	465	1423	10	10	0	0	120s	100	1	801
r	608	1425	10	10	0	0	120s	100	1	801
r	848	1425	10	10	0	0	120s	100	1	801
r	425	1426	10	10	0	0	120s	100	1	801
r	774	1427	10	10	0	0	120s	100	1	801
r	739	1428	10	10	0	0	120s	100	1	801
r	720	1430	10	10	0	0	120s	100	1	801
r	973	1432	10	10	0	0	120s	100	1	801
r	456	1443	10	10	0	0	120s	100	1	801
r	1148	142	10	10	0	0	120s	100	1	802
r	1221	167	10	10	0	0	120s	100	1	802
r	1124	175	10	10	0	0	120s	100	1	802
r	1087	180	10	10	0	0	120s	100	1	802
r	1116	180	10	10	0	0	120s	100	1	802
r	1339	198	10	10	0	0	120s	100	1	802
r	1065	199	10	10	0	0	120s	100	1	802
r	1321	207	10	10	0	0	120s	100	1	802
r	1087	208	10	10	0	0	120s	100	1	802
r	1396	219	10	10	0	0	120s	100	1	802
r	1053	221	10	10	0	0	120s	100	1	802
r	1326	225	10	10	0	0	120s	100	1	802
r	1288	230	10	10	0	0	120s	100	1	802
r	1305	237	10	10	0	0	120s	100	1	802
r	1185	240	10	10	0	0	120s	100	1	802
r	1151	242	10	10	0	0	120s	100	1	802
r	1306	248	10	10	0	0	120s	100	1	802
r	1353	257	10	10	0	0	120s	100	1	802
r	1254	260	10	10	0	0	120s	100	1	802
r	1354	261	10	10	0	0	120s	100	1	802
r	1290	272	10	10	0	0	120s	100	1	802
r	1157	274	10	10	0	0	120s	100	1	802
r	1404	282	10	10	0	0	120s	100	1	802
r	1363	284	10	10	0	0	120s	100	1	802
r	1384	289	10	10	0	0	120s	100	1	802
r	1354	345	10	10	0	0	120s	100	1	802
r	1331	350	10	10	0	0	120s	100	1	802
r	1306	363	10	10	0	0	120s	100	1	802
r	907	368	10	10	0	0	120s	100	1	802
r	1443	368	10	10	0	0	120s	100	1	802
r	883	369	10	10	0	0	120s	100	1	802
r	935	380	10	10	0	0	120s	100	1	802
r	1251	382	10	10	0	0	120s	100	1	802
r	1364	391	10	10	0	0	120s	100	1	802
r	906	396	10	10	0	0	120s	100	1	802
r	1278	396	10	10	0	0	120s	100	1	802
r	1329	396	10	10	0	0	120s	100	1	802
r	1339	401	10	10	0	0	120s	100	1	802
r	1332	409	10	10	0	0	120s	100	1	802
r	1104	414	10	10	0	0	120s	100	1	802
r	963	423	10	10	0	0	120s	100	1	802
r	959	431	10	10	0	0	120s	100	1	802
r	1390	431	10	10	0	0	120s	100	1	802
r	915	432	10	10	0	0	120s	100	1	802
r	1336	443	10	10	0	0	120s	100	1	802
r	886	447	10	10	0	0	120s	100	1	802
r	973	448	10	10	0	0	120s	100	1	802
r	1178	454	10	10	0	0	120s	100	1	802
r	1212	457	10	10	0	0	120s	100	1	802
r	899	458	10	10	0	0	120s	100	1	802
r	1072	461	10	10	0	0	120s	100	1	802
r	1261	463	10	10	0	0	120s	100	1	802
r	1307	465	10	10	0	0	120s	100	1	802
r	906	468	10	10	0	0	120s	100	1	802
r	1118	470	10	10	0	0	120s	100	1	802
r	1403	472	10	10	0	0	120s	100	1	802
r	1264	476	10	10	0	0	120s	100	1	802
r	993	478	10	10	0	0	120s	100	1	802
r	1324	478	10	10	0	0	120s	100	1	802
r	1451	481	10	10	0	0	120s	100	1	802
r	1352	484	10	10	0	0	120s	100	1	802
r	896	485	10	10	0	0	120s	100	1	802
r	930	488	10	10	0	0	120s	100	1	802
r	1189	488	10	10	0	0	120s	100	1	802
r	1158	492	10	10	0	0	120s	100	1	802
r	1386	492	10	10	0	0	120s	100	1	802
r	831	495	10	10	0	0	120s	100	1	802
r	1235	499	10	10	0	0	120s	100	1	802
r	1327	499	10	10	0	0	120s	100	1	802
r	856	504	10	10	0	0	120s	100	1	802
r	1282	505	10	10	0	0	120s	100	1	802
r	1430	507	10	10	0	0	120s	100	1	802
r	1389	508	10	10	0	0	120s	100	1	802
r	867	509	10	10	0	0	120s	100	1	802
r	1145	509	10	10	0	0	120s	100	1	802
r	1412	509	10	10	0	0	120s	100	1	802
r	1166	512	10	10	0	0	120s	100	1	802
r	1396	514	10	10	0	0	120s	100	1	802
r	1454	516	10	10	0	0	120s	100	1	802
r	888	524	10	10	0	0	120s	100	1	802
r	939	528	10	10	0	0	120s	100	1	802
r	1098	528	10	10	0	0	120s	100	1	802
r	1231	532	10	10	0	0	120s	100	1	802
r	1294	535	10	10	0	0	120s	100	1	802
r	1300	536	10	10	0	0	120s	100	1	802
r	1171	539	10	10	0	0	120s	100	1	802
r	819	541	10	10	0	0	120s	100	1	802
r	893	541	10	10	0	0	120s	100	1	802
r	1124	544	10	10	0	0	120s	100	1	802
r	987	547	10	10	0	0	120s	100	1	802
r	968	552	10	10	0	0	120s	100	1	802
r	1290	552	10	10	0	0	120s	100	1	802
r	1187	557	10	10	0	0	120s	100	1	802
r	1302	566	10	10	0	0	120s	100	1	802
r	903	567	10	10	0	0	120s	100	1	802
r	1118	567	10	10	0	0	120s	100	1	802
r	1330	568	10	10	0	0	120s	100	1	802
r	972	578	10	10	0	0	120s	100	1	802
r	798	629	10	10	0	0	120s	100	1	802
r	724	638	10	10	0	0	120s	100	1	802
r	751	647	10	10	0	0	120s	100	1	802
r	714	650	10	10	0	0	120s	100	1	802
r	759	668	10	10	0	0	120s	100	1	802
r	708	669	10	10	0	0	120s	100	1	802
r	725	672	10	10	0	0	120s	100	1	802
r	827	673	10	10	0	0	120s	100	1	802
r	668	679	10	10	0	0	120s	100	1	802
r	709	713	10	10	0	0	120s	100	1	802
r	715	720	10	10	0	0	120s	100	1	802
r	725	724	10	10	0	0	120s	100	1	802
r	703	758	10	10	0	0	120s	100	1	802
r	717	769	10	10	0	0	120s	100	1	802
r	727	792	10	10	0	0	120s	100	1	802
r	655	810	10	10	0	0	120s	100	1	802
r	658	819	10	10	0	0	120s	100	1	802
r	701	821	10	10	0	0	120s	100	1	802
r	682	822	10	10	0	0	120s	100	1	802
r	694	823	10	10	0	0	120s	100	1	802
r	719	827	10	10	0	0	120s	100	1	802
r	726	835	10	10	0	0	120s	100	1	802
r	673	852	10	10	0	0	120s	100	1	802
r	639	859	10	10	0	0	120s	100	1	802
r	673	859	10	10	0	0	120s	100	1	802
r	743	861	10	10	0	0	120s	100	1	802
r	706	871	10	10	0	0	120s	100	1	802
r	624	876	10	10	0	0	120s	100	1	802
r	667	884	10	10	0	0	120s	100	1	802
r	671	885	10	10	0	0	120s	100	1	802
r	662	888	10	10	0	0	120s	100	1	802
r	1059	978	10	10	0	0	120s	100	1	802
r	1217	983	10	10	0	0	120s	100	1	802
r	1072	986	10	10	0	0	120s	100	1	802
r	965	988	10	10	0	0	120s	100	1	802
r	1349	989	10	10	0	0	120s	100	1	802
r	1060	993	10	10	0	0	120s	100	1	802
r	1221	996	10	10	0	0	120s	100	1	802
r	1253	996	10	10	0	0	120s	100	1	802
r	981	1011	10	10	0	0	120s	100	1	802
r	1132	1012	10	10	0	0	120s	100	1	802
r	1225	1014	10	10	0	0	120s	100	1	802
r	1112	1018	10	10	0	0	120s	100	1	802
r	949	1021	10	10	0	0	120s	100	1	802
r	1240	1023	10	10	0	0	120s	100	1	802
r	961	1033	10	10	0	0	120s	100	1	802
r	1229	1035	10	10	0	0	120s	100	1	802
r	1428	1037	10	10	0	0	120s	100	1	802
r	1128	1042	10	10	0	0	120s	100	1	802
r	1264	1044	10	10	0	0	120s	100	1	802
r	1261	1047	10	10	0	0	120s	100	1	802
r	1298	1056	10	10	0	0	120s	100	1	802
r	1382	1057	10	10	0	0	120s	100	1	802
r	1369	1060	10	10	0	0	120s	100	1	802
r	1100	1066	10	10	0	0	120s	100	1	802
r	982	1067	10	10	0	0	120s	100	1	802
r	1141	1067	10	10	0	0	120s	100	1	802
r	1343	1067	10	10	0	0	120s	100	1	802
r	1216	1069	10	10	0	0	120s	100	1	802
r	1039	1073	10	10	0	0	120s	100	1	802
r	1298	1074	10	10	0	0	120s	100	1	802
r	1004	1076	10	10	0	0	120s	100	1	802
r	1232	1077	10	10	0	0	120s	100	1	802
r	1086	1084	10	10	0	0	120s	100	1	802
r	1319	1085	10	10	0	0	120s	100	1	802
r	1456	1097	10	10	0	0	120s	100	1	802
r	1444	1101	10	10	0	0	120s	100	1	802
r	1087	1110	10	10	0	0	120s	100	1	802
r	1099	1110	10	10	0	0	120s	100	1	802
r	1196	1112	10	10	0	0	120s	100	1	802
r	1303	1116	10	10	0	0	120s	100	1	802
r	1339	1116	10	10	0	0	120s	100	1	802
r	1381	1118	10	10	0	0	120s	100	1	802
r	1133	1121	10	10	0	0	120s	100	1	802
r	1033	1125	10	10	0	0	120s	100	1	802
r	1271	1125	10	10	0	0	120s	100	1	802
r	1140	1128	10	10	0	0	120s	100	1	802
r	1434	1130	10	10	0	0	120s	100	1	802
r	1392	1140	10	10	0	0	120s	100	1	802
r	1451	1148	10	10	0	0	120s	100	1	802
r	1320	1149	10	10	0	0	120s	100	1	802
r	1359	1151	10	10	0	0	120s	100	1	802
r	1400	1159	10	10	0	0	120s	100	1	802
r	1012	1162	10	10	0	0	120s	100	1	802
r	1128	1162	10	10	0	0	120s	100	1	802
r	1147	1166	10	10	0	0	120s	100	1	802
r	983	1176	10	10	0	0	120s	100	1	802
r	1221	1180	10	10	0	0	120s	100	1	802
r	1194	1181	10	10	0	0	120s	100	1	802
r	1208	1182	10	10	0	0	120s	100	1	802
r	1090	1183	10	10	0	0	120s	100	1	802
r	1198	1188	10	10	0	0	120s	100	1	802
r	1267	1188	10	10	0	0	120s	100	1	802
r	1347	1188	10	10	0	0	120s	100	1	802
r	1319	1190	10	10	0	0	120s	100	1	802
r	1057	1207	10	10	0	0	120s	100	1	802
r	1154	1211	10	10	0	0	120s	100	1	802
r	1025	1213	10	10	0	0	120s	100	1	802
r	1344	1297	10	10	0	0	120s	100	1	802
r	1123	1298	10	10	0	0	120s	100	1	802
r	1265	1300	10	10	0	0	120s	100	1	802
r	1122	1302	10	10	0	0	120s	100	1	802
r	1208	1306	10	10	0	0	120s	100	1	802
r	1204	1310	10	10	0	0	120s	100	1	802
r	1169	1319	10	10	0	0	120s	100	1	802
r	1336	1320	10	10	0	0	120s	100	1	802
r	1215	1332	10	10	0	0	120s	100	1	802
r	1213	1350	10	10	0	0	120s	100	1	802
r	1097	1353	10	10	0	0	120s	100	1	802
r	1324	1356	10	10	0	0	120s	100	1	802
r	1226	1365	10	10	0	0	120s	100	1	802
r	1180	1367	10	10	0	0	120s	100	1	802
r	1193	1367	10	10	0	0	120s	100	1	802
r	1124	1378	10	10	0	0	120s	100	1	802
r	1222	1378	10	10	0	0	120s	100	1	802
r	1089	1386	10	10	0	0	120s	100	1	802
r	1348	1389	10	10	0	0	120s	100	1	802
r	1323	1395	10	10	0	0	120s	100	1	802
r	1147	1401	10	10	0	0	120s	100	1	802
r	1260	1401	10	10	0	0	120s	100	1	802
r	1213	1405	10	10	0	0	120s	100	1	802
r	1418	1409	10	10	0	0	120s	100	1	802
r	1124	1414	10	10	0	0	120s	100	1	802
r	1258	1416	10	10	0	0	120s	100	1	802
r	1416	1417	10	10	0	0	120s	100	1	802
r	1172	1419	10	10	0	0	120s	100	1	802
r	1379	1422	10	10	0	0	120s	100	1	802
r	1086	1425	10	10	0	0	120s	100	1	802
r	1190	1429	10	10	0	0	120s	100	1	802
r	1205	1432	10	10	0	0	120s	100	1	802
r	1260	1434	10	10	0	0	120s	100	1	802
r	1371	1434	10	10	0	0	120s	100	1	802
r	1322	1449	10	10	0	0	120s	100	1	802
r	1038	1463	10	10	0	0	120s	100	1	802
r	1049	1475	10	10	0	0	120s	100	1	802

g	228	782	10	10	0	0	900s	100	1	2211

