0
300
800
1500
2500
4300
7200
11000
17000
24000
33001
43000
58000
76000
10000
13000
16900
21900
28300
36500
47200
61000
70500
81300
93700
10770
12370
14180
16240
18570
21220
24210
27610
31450
35800
40730
46320
51940
57170
62640
68370
76000
82740
89900
97530
10560
11410
12320
13270
14283
15340
16870
18960
19980
21420
22930
24530
26200
27960
29800
32780
36060
39670
43640
48000
52800
58080
63890
70280
77310
85040
93540
10290
11320
12450
13700
15070
16570
23699
26065
28678
31538
34697
38168
41977
46176
50804
55874
614640
676130
743730
104122
114534
125987
138586
1524451
1676891
1844581
2029041
2147481
2147481
2147481
2147481
2147481
2147483