Group	Lykos
{
	Mob	191
	Type	drop
	1	31325	1	100
	2	71151	25	200
	3	25040	1	50
	4	30270	1	75
}
Group	Scrofa
{
	Mob	192
	Type	drop
	1	31326	1	200
	2	71151	25	200
	3	25040	1	50
	4	30270	1	75
}
Group	Bera
{
	Mob	193
	Type	drop
	1	31315	1	200
	2	71151	25	200
	3	25040	1	50
	4	30270	1	75
}
Group	Tigris
{
	Mob	194
	Type	drop
	1	31316	1	200
	2	71151	25	200
	3	25040	1	50
	4	30270	1	75
}
Group	Mahon
{
	Mob	491
	Type	drop
	1	31317	1	200
	2	71151	35	200
	3	25040	1	50
	4	30270	1	75
	5	90005	1	10
}
Group	Bo
{
	Mob	492
	Type	drop
	1	31318	1	200
	2	71151	35	200
	3	25040	1	50
	4	30270	1	75
	5	90005	1	10
}
Group	Goo-pae
{
	Mob	493
	Type	drop
	1	31319	1	200
	2	71151	35	200
	3	25040	1	50
	4	30270	1	75
	5	90005	1	10
}
Group	Chuong
{
	Mob	494
	Type	drop
	1	31320	1	200
	2	71151	35	200
	3	25040	1	50
	4	30270	1	75
	5	90005	1	10
}
Group	Vahsi_yuzbasi
{
	Mob	591
	Type	drop
	1	31321	1	200
	2	71151	50	200
	3	25040	1	50
	4	30270	1	200
	5	50070	1	200
	6	19988	2	40
	7	90005	1	10
}

Group	MetinLv5
{
	Mob	8001
	Type	drop
	1	50300	1	70
	2	70613	1	15
	3	71151	4	200
	4	81550	1	30
}
Group	MetinLv10
{
	Mob	8002
	Type	drop
	1	50300	1	70
	2	70613	1	20
	3	71151	4	200
	4	81550	1	30
}
Group	MetinLv15
{
	Mob	8003
	Type	drop
	1	50300	1	70
	2	70613	1	25
	3	71151	4	200
	4	81550	1	30

}
Group	MetinLv20
{
	Mob	8004
	Type	drop
	1	50300	1	70
	2	70613	1	30
	3	71151	8	200
	4	81550	1	30
}
Group	MetinLv25
{
	Mob	8005
	Type	drop
	1	50300	1	70
	2	70613	1	35
	3	71151	10	200
	4	27987	1	50
	5	81551	1	30
}
Group	MetinLv30
{
	Mob	8006
	Type	drop
	1	50300	1	70
	2	70613	1	40
	3	71151	15	200
	4	27987	1	50
	5	81551	1	30
}
Group	MetinLv35
{
	Mob	8007
	Type	drop
	1	50300	1	70
	2	50300	1	50
	3	70613	1	45
	4	71151	20	200
	5	27987	1	50
	6	81551	1	30
}
Group	MetinLv40
{
	Mob	8008
	Type	drop
	1	50300	1	70
	2	50300	1	50
	3	70613	1	45
	4	25040	1	20  
	5	71084	10	200
	6	27987	1	50
	7	30270	1	100
	8	50513	1	3
	9	71503	1	200
	10	19979	1	40
	11	81551	1	30
}
Group	MetinLv45
{
	Mob	8009
	Type	drop
	1	50300	1	200
	2	50300	1	50
	3	70613	1	45
	4	25040	1	20  
	5	71084	15	200
	6	27987	1	50
	7	30270	1	200
	8	50513	1	3
	9	71503	1	200
	10	19979	1	30
	11	19981	1	50
	12	50034	1	25
}
Group	MetinLv50
{
	Mob	8010
	Type	drop
	1	50300	1	200
	2	50300	1	50
	3	70613	1	45
	4	25040	1	20  
	5	71084	15	200
	6	27987	1	50
	7	30270	1	200
	8	50513	1	3
	9	71503	1	200
	10	19979	1	30
	11	19981	2	200
	12	70614	1	40
	13	50034	1	25
}
Group	MetinLv55
{
	Mob	8011
	Type	drop
	1	50300	1	200
	2	50300	1	70
	3	70613	1	45
	4	25040	1	20  
	5	71084	20	200
	6	27987	1	50
	7	30270	1	200
	8	50513	1	3
	9	71503	1	200
	10	19979	1	30
	11	19981	1	200
	12	70614	1	40
	13	50034	1	25
}
Group	MetinLv60
{
	Mob	8012
	Type	drop
	1	70613	1	45
	2	25040	1	20  
	3	71084	20	200
	4	27987	1	50
	5	30270	1	200
	6	50513	1	3
	7	71503	1	200
	8	50300	1	400
	9	50300	1	70
	10	19979	1	30
	11	19981	2	200
	12	50034	1	40
}
Group	MetinLv65
{
	Mob	8013
	Type	drop
	1	70613	1	45
	2	25040	1	20  
	3	71084	20	200
	4	27987	1	50
	5	30270	1	200
	6	50513	1	3
	7	71503	1	200
	8	50300	1	400
	9	50300	1	100
	10	19979	1	35
	11	19981	2	200
	12	50034	1	40
}
Group	MetinLv70
{
	Mob	8014
	Type	drop
	1	70613	1	45
	2	25040	1	20  
	3	71084	20	200
	4	27987	1	50
	5	30270	2	200
	6	50513	1	3
	7	71503	1	200
	8	50300	1	400
	9	50300	1	200
	10	19979	1	35
	11	19981	2	200
	12	19978	1	20
	13	50034	1	40
}
Group	MetinLv75
{
	Mob	8024
	Type	drop
	1	70613	1	45
	2	25040	1	20  
	3	71084	20	200
	4	27987	1	50
	5	30270	2	200
	6	50513	1	3
	7	71503	1	200
	8	19979	1	35
	9	19981	3	100
	10	70611	1	40
	11	19978	1	22
	12	50034	1	40
}
Group	MetinLv80
{
	Mob	8025
	Type	drop
	1	70613	1	45
	2	25040	1	20  
	3	71084	20	200
	4	27987	1	50
	5	30270	2	200
	6	50513	1	3
	7	71503	1	200
	8	19979	1	35
	9	19981	3	100
	10	70611	1	40
	11	19978	1	22
	12	50034	1	40
}
Group	MetinLv85
{
	Mob	8026
	Type	drop
	1	70613	1	45
	2	25040	1	25
	3	71084	25	200
	4	27987	1	200
	5	50255	1	75
	6	50513	1	5
	7	70005	1	7
	8	72006	1	7
	9	71503	1	200
	10	19979	1	40
	11	19981	1	200
	12	70612	1	40
	13	30270	1	200
	14	50927	1	5
	15	50034	1	60
}
Group	MetinLv90
{
	Mob	8027
	Type	drop
	1	70613	1	45
	2	25040	1	25
	3	71084	25	200
	4	27987	1	200
	5	50255	1	75
	6	50513	1	6
	7	70005	1	7
	8	72006	1	7
	9	71503	1	200
	10	19979	1	40
	11	19981	3	200
	12	70612	1	40
	13	30270	1	200
	14	30270	1	50
	15	50927	1	5
	16	50034	1	60
}
Group	MetinBeta
{
	mob	8051
	Type	drop
	1	71084	30	400
	2	51001	1	200
	3	25040	1	30
	4	50525	1	11
	5	50324	1	11
	6	50255	1	500
	7	71502	1	500
	8	50927	1	8
	9	80019	1	45
	10	30270	1	500
	11	19979	1	50
	12	19982	1	3
	13	19981	5	200
	14	30270	1	50
	15	50034	1	60
}
Group	MetinBeta1
{
	mob	8052
	Type	drop
	1	71084	30	400
	2	51001	1	200
	3	25040	1	30
	4	50525	1	11
	5	50324	1	11
	6	50255	1	500
	7	71502	1	500
	8	50927	1	8
	9	80019	1	45
	10	30270	1	500
	11	19979	1	50
	12	19982	1	3
	13	19981	5	200
	14	30270	1	50
	15	50034	1	60
}
Group	MetinBeta2
{
	mob	8053
	Type	drop
	1	71084	30	400
	2	51001	1	200
	3	25040	1	30
	4	50525	1	11
	5	50324	1	11
	6	50255	1	500
	7	71502	1	500
	8	50927	1	8
	9	80019	1	45
	10	30270	1	500
	11	19979	1	50
	12	19982	1	3
	13	19981	5	200
	14	30270	1	50
	15	50034	1	60
}
Group	MetinBeta3
{
	mob	8054
	Type	drop
	1	71084	30	400
	2	51001	1	200
	3	25040	1	30
	4	50525	1	11
	5	50324	1	11
	6	50255	1	500
	7	71502	1	500
	8	50927	1	8
	9	80019	1	45
	10	30270	1	500
	11	19979	1	50
	12	19982	1	3
	13	19981	5	200
	14	30270	1	50
	15	50034	1	60
}
Group	MetinBeta4
{
	mob	8055
	Type	drop
	1	71084	30	400
	2	51001	1	200
	3	25040	1	30
	4	50525	1	11
	5	50324	1	11
	6	50255	1	500
	7	71502	1	500
	8	50927	1	8
	9	80019	1	45
	10	30270	1	500
	11	19979	1	50
	12	19982	1	3
	13	19981	5	200
	14	30270	1	50
	15	50034	1	60
}
Group	MetinBeta5
{
	mob	8056
	Type	drop
	1	71084	30	400
	2	51001	1	200
	3	25040	1	30
	4	50525	1	11
	5	50324	1	11
	6	50255	1	500
	7	71502	1	500
	8	50927	1	8
	9	80019	1	45
	10	30270	1	500
	11	19979	1	50
	12	19982	1	3
	13	19981	5	200
	14	30270	1	50
	15	50034	1	60
}
Group	buyulu_metin
{
	Type	drop
	mob	8059
	1	71084	35	200
	2	25040	1	50
	3	50525	1	11
	4	71502	1	500
	5	50513	1	15
	6	27987	1	500
	7	27987	1	500
	8	50927	1	10
	9	27987	1	500
	10	70613	1	30
	11	80019	1	65
	12	50255	2	200
	13	30610	1	200
	14	50323	1	12
	15	50324	1	11
	16	19979	1	55
	17	19982	1	5
	18	19981	5	200
	19	30270	1	200
	20	50034	1	60
}
 
Group	buyulu_metin2
{
	Type	drop
	mob	8061
	1	71084	35	200
	2	25040	1	50
	3	50525	1	11
	4	71502	1	500
	5	50513	1	15
	6	27987	1	500
	7	27987	1	500
	8	50927	1	10
	9	27987	1	500
	10	70613	1	30
	11	80019	1	65
	12	50255	2	200
	13	30610	1	200
	14	50323	1	12
	15	50324	1	11
	16	19979	1	55
	17	19982	1	5
	18	19981	5	200
	19	30270	1	200
	20	50034	1	60
}

Group	sekerleme_metini
{
	Type	drop
	mob	8170
	1	71084	35	200
	2	25040	1	50
	3	50525	1	11
	4	50255	1	500
	5	71502	1	500
	6	50513	1	15
	7	27987	1	500
	8	27987	1	500
	9	50927	1	14
	10	27987	1	500
	11	70613	1	30
	12	80019	1	65
	13	50256	1	500
	14	78774	1	200
	15	50323	1	12
	16	50324	1	11
	17	19979	1	55
	18	19982	1	5
	19	19981	5	200
	20	30270	1	200
	21	30270	1	50
	22	71505	1	8
	23	50034	1	60
}

Group	sekerleme_metini
{
	Type	drop
	mob	8171
	1	71084	35	200
	2	25040	1	50
	3	50525	1	11
	4	50255	1	500
	5	71502	1	500
	6	50513	1	15
	7	27987	1	500
	8	27987	1	500
	9	50927	1	14
	10	27987	1	500
	11	70613	1	30
	12	80019	1	65
	13	50256	1	500
	14	78774	1	200
	15	50323	1	12
	16	50324	1	11
	17	19979	1	55
	18	19982	1	5
	19	19981	5	200
	20	30270	1	200
	21	30270	1	50
	22	71505	1	8
	23	50034	1	60
}

Group	MetinLv85
{
	Mob	8038
	Type	drop
	1	70613	1	45
	2	25040	1	20  
	3	71084	20	200
	4	27987	1	50
	5	30270	1	100
	6	50513	1	3
	7	71503	1	200
	8	19979	1	90
	9	19981	3	100
}

Group	cehennemmetin
{
	Type	drop
	mob	8057
	1	71084	35	200
	2	25040	1	50
	3	50525	1	11
	4	50255	1	500
	5	71502	1	500
	6	50513	1	15
	7	27987	1	500
	8	27987	1	500
	9	50927	1	7
	10	27987	1	500
	11	70613	1	30
	12	80019	1	65
	13	50255	1	500
	14	30610	1	1
	15	50323	1	12
	16	50324	1	11
	17	19979	1	90
	18	19982	1	5
	19	19981	5	200
	20	30270	1	200
	21	30270	1	50
}

Group	ayazmetin
{
	Type	drop
	mob	8058
	1	71084	35	200
	2	25040	1	50
	3	50525	1	11
	4	50255	1	500
	5	71502	1	500
	6	50513	1	15
	7	27987	1	500
	8	27987	1	500
	9	50927	1	7
	10	27987	1	500
	11	70613	1	30
	12	80019	1	65
	13	50255	1	500
	14	30610	1	1
	15	50323	1	12
	16	50324	1	11
	17	19979	1	90
	18	19982	1	5
	19	19981	5	200
	20	30270	1	200
	21	30270	1	50
}

Group	Hastalik_Tasiyicisi
{
	type	limit
	mob	993
	level_limit	1
	1	50070	1	200
}

Group	Hayalet_Agac_Lordu
{
	type	limit
	mob	2307
	level_limit	75
	1	50070	1	200
	2	19988	3	50
	3	55003	1	25
	4	25040	2	100
	5	27987	3	200
	6	30270	5	200
	7	50513	1	75
	8	71084	25	200
	9	19981	5	200
}
Group	Dev_Hayalet_Agac
{
	type	limit
	mob	2306
	level_limit	75
	1	50070	1	200
	2	19988	3	50
	3	55003	1	25
	4	25040	2	100
	5	27987	3	200
	6	30270	5	200
	7	50513	1	75
	8	71084	25	200
	9	19981	5	200
}
Group	Orumcek_Barones
{
	type	limit
	mob	2092
	level_limit	50
	1	50070	1	200
	2	50255	1	100
	3	50255	1	100
	4	50255	1	100
	5	61119	1	1000
	6	55004	1	25
	7	55402	1	100
	8	50926	5	30
	9	41311	1	10
	10	41312	1	10
	11	19978	1	200
	12	19978	1	200
	13	19978	1	50
	14	19978	1	10
	15	50071	1	45
}
Group	Kralice_Orumcek
{
	type	limit
	mob	2091
	level_limit	30
	1	50070	1	200
	2	19988	3	50
	3	55003	1	25
	4	25040	2	100
	5	27987	3	200
	6	30270	5	200
	7	50513	1	75
	8	71084	25	200
	9	19981	5	200
	10	55402	1	75
}
Group	Ork_Reisi
{
	type	limit
	mob	691
	level_limit	5
	1	50070	1	200
	2	19988	3	50
	3	55003	1	25
	4	25040	2	100
	5	27987	3	200
	6	30270	5	200
	7	50513	1	75
	8	71084	25	200
	9	19981	5	200
	10	90005	1	60
	11	55401	1	75
}

Group	Ork_Reisi2
{
	type	limit
	mob	692
	level_limit	30
	1	50070	1	200
	2	19988	3	50
	3	55003	1	25
	4	25040	2	100
	5	27987	3	200
	6	30270	5	200
	7	50513	1	75
	8	71084	25	200
	9	19981	5	200
}

Group	Ork_Reisi3
{
	type	limit
	mob	693
	level_limit	30
	1	50070	1	200
	2	19988	3	50
	3	55003	1	25
	4	25040	2	100
	5	27987	3	200
	6	30270	5	200
	7	50513	1	75
	8	71084	25	200
	9	19981	5	200
}

Group	Siyah_Ork_Reisi
{
	type	limit
	mob	694
	level_limit	30
	1	50070	1	200
	2	19988	3	50
	3	55003	1	25
	4	25040	2	100
	5	27987	3	200
	6	30270	5	200
	7	50513	1	75
	8	71084	25	200
	9	19981	5	200
	10	61118	1	200
	11	17220	1	2
	12	19978	1	200
	13	19978	1	90
	14	50926	10	3
	15	81601	1	10
	16	81602	1	8
}

Group	Lanetli_Ucube
{
	type	limit
	mob	4972
	level_limit	30
	1	50070	1	200
	2	19988	3	50
	3	55003	1	25
	4	25040	2	100
	5	27987	3	200
	6	30270	5	200
	7	50513	1	75
	8	71084	25	200
	9	19981	5	200
	10	61124	1	200
	11	16220	1	2
	12	19978	1	200
	13	19978	1	90
	14	50926	10	3
	15	61124	1	50
	16	50926	10	20
	17	81601	1	10
	18	81602	1	8
}
Group	Elit_Savasci
{
	type	limit
	mob	795
	level_limit	1
	1	50070	1	200
	2	19988	3	50
	3	55003	1	25
	4	25040	2	100
	5	27987	3	200
	6	30270	5	200
	7	50513	1	75
	8	71084	25	200
	9	19981	5	200
}
Group	Mistik_Lider
{
	type	limit
	mob	791
	level_limit	1
	1	50070	1	200
	2	19988	3	50
	3	55003	1	25
	4	25040	2	100
	5	27987	3	200
	6	30270	5	200
	7	50513	1	75
	8	71084	25	200
	9	19981	5	200
}
Group	Alev_Kral
{
	type	limit
	mob	2206
	level_limit	1
	1	50070	1	200
	2	19988	3	50
	3	55003	1	25
	4	25040	2	100
	5	27987	3	200
	6	30270	5	200
	7	50513	1	75
	8	71084	25	200
	9	19981	5	200
	10	55402	1	75
}

Group	Diriltilmis_Ork_Reisi
{
	type	limit
	mob	693
	level_limit	1
	1	50070	1	200
	2	19988	3	50
	3	55003	1	25
	4	25040	2	100
	5	27987	3	200
	6	30270	5	200
	7	50513	1	75
	8	71084	25	200
	9	19981	5	200
}

Group	Sari_Kaplan
{
	type	limit
	mob	1304
	level_limit	1
	1	50070	1	200
	2	19988	3	50
	3	55003	1	25
	4	25040	2	100
	5	27987	3	200
	6	30270	5	200
	7	50513	1	75
	8	71084	25	200
	9	19981	5	200
	10	55401	1	100
}

Group	Buz_Cadısı
{
	type	limit
	mob	1192
	level_limit	1
	1	50070	1	200
	2	19988	3	50
	3	55003	1	25
	4	25040	2	100
	5	27987	3	200
	6	30270	5	200
	7	50513	1	75
	8	71084	25	200
	9	19981	5	200
	10	70031	1	200
	11	19978	1	50
}

Group	Buz_Cadı
{
	type	limit
	mob	1191
	level_limit	40
	1	50070	1	200
	2	19988	3	50
	3	55003	1	25
	4	25040	2	100
	5	27987	3	200
	6	30270	5	200
	7	50513	1	75
	8	71084	25	200
	9	19981	5	200
}

Group	Dokuz_Kuyruk
{
	type	limit
	mob	1901
	level_limit	1
	1	50070	1	200
	2	19988	3	50
	3	55003	1	25
	4	25040	2	100
	5	27987	3	200
	6	30270	5	200
	7	50513	1	75
	8	71084	25	200
	9	19981	5	200
}

Group	Mavi_Olum
{
	type	limit
	mob	1095
	level_limit	75
	1	50070	1	200
}
Group	Elit_Seytan_Krali
{
	type	limit
	mob	1094
	level_limit	75
	1	50070	1	200
	2	19988	3	50
	3	55003	1	25
	4	25040	2	100
	5	27987	3	200
	6	30270	5	200
	7	50513	1	75
	8	71084	25	200
	9	19981	5	200
}
Group	Azrail
{
	type	limit
	mob	1093
	level_limit	50
	1	50070	1	200
	2	19988	3	50
	3	55003	1	25
	4	25040	2	100
	5	27987	3	200
	6	30270	5	200
	7	50513	1	75
	8	71084	25	200
	9	19981	5	200
	10	50082	1	200
	11	30319	1	200
}
Group	Seytan_Krali
{
	type	limit
	mob	1092
	level_limit	10
	1	50070	1	15
}

Group	Kirmizi_Ejderha
{
	type	limit
	mob	2291
	level_limit	75
	1	50070	1	200
}
Group	Col_Kaplumbagasi
{
	type	limit
	mob	2191
	level_limit	30
	1	50070	1	200
	2	19988	3	50
	3	55003	1	25
	4	25040	2	100
	5	27987	3	200
	6	30270	5	200
	7	50513	1	75
	8	71084	25	200
	9	19981	5	200
}
Group	Lusifer
{
	type	limit
	mob	2598
	level_limit	75
	1	50071	1	200
	2	50186	1	100
	3	71520	1	15
	4	71521	1	15
	5	71522	1	15
	6	50255	3	500
	7	50259	1	25
	8	19978	1	200
	9	19978	1	200
	10	19978	1	50
	11	19978	1	10
	12	19989	5	10
	13	50926	10	30
	14	55407	1	50
	15	17220	1	8
	16	16220	1	8
	17	14220	1	8
	18	13144	1	8
	19	39001	1	40
	20	10290	1	1
	21	30335	1	10
	22	50265	1	9
	23	55004	1	10
}

Group	Beran_setaou
{
	level_limit	75
	Mob	2493
	Type	limit
	1	12284	1	3
	2	12404	1	3
	3	12544	1	3
	4	12684	1	3
	5	71143	1	1
	6	71520	1	30
	7	71521	1	30
	8	71522	1	30
	9	27992	1	77
	10	27993	1	77
	11	27994	1	77
	12	50513	1	300
	13	30198	1	77
	14	30199	1	77
	15	30197	1	77
	16	55405	1	5
	17	55004	1	20
	18	71129	1	500
	19	71123	1	500
	20	15410	1	3
	21	15430	1	3
	22	10750	1	1
	23	50071	1	200
	24	30601	1	30
	25	30605	1	20
	26	30606	1	20
}
Group	Arboretum 
{
	Type	drop
	mob	3912
	1	50070	1	200
	2	19988	3	50
	3	55003	1	25
	4	25040	2	100
	5	27987	3	200
	6	30270	5	200
	7	50513	1	75
	8	71084	25	200
}

Group	Nemere
{
	type	limit
	mob	6191
	level_limit	75
	1	50071	1	200
	2	95001	1	200
	3	51001	20	200
	4	30525	1	200
	5	81709	1	20
	6	19978	1	200
	7	19978	1	200
	8	19978	1	50
	9	19978	1	10
	10	19989	5	200
	11	55009	1	200
	12	55009	1	10
	13	38055	1	10
	14	49990	1	50
	15	50259	1	25
	16	71084	200	200
	17	55003	1	200
	18	55004	1	50
	19	55005	1	10
	20	55404	1	50
	21	50926	15	10
	22	30605	1	25
	23	30606	1	25
	24	81712	1	10
	25	95001	1	200
	26	81601	1	20
}

Group	Jotun
{
	type	limit
	mob	6192
	level_limit	95
	1	49990	1	50
	2	50266	1	200
	3	50926	20	15
	4	50926	20	15
	5	51641	1	25
	6	51642	1	200
	7	55005	1	30
	8	55409	1	200
	9	38055	1	15
	10	19989	7	20
	11	55009	1	200
	12	55009	1	60
	13	50071	1	200
	14	70600	1	10
	15	81709	1	30
	16	71084	200	200
	17	19978	2	50
	18	78726	1	4
	19	78727	1	4
	20	78728	1	4
	21	78729	1	4
	22	25042	1	5
	23	19984	1	5
	24	19983	2	5
	25	30601	1	60
	26	30605	1	30
	27	30606	1	30
	28	70603	1	40
	29	81712	1	10
	30	50266	1	200
	31	81601	1	20
}


Group	Razador
{
	type	limit
	mob	6091
	level_limit	75
	1	50071	1	200
	2	95000	1	200
	3	51001	20	200
	4	30524	1	200
	5	49990	1	50
	6	19978	1	200
	7	19978	1	200
	8	19978	1	50
	9	19978	1	10
	10	19989	5	200
	11	55009	1	200
	12	55009	1	10
	13	38055	1	10
	14	81709	1	20
	15	50259	1	25
	16	71084	200	200
	17	55403	1	50
	18	55003	1	200
	19	55004	1	50
	20	55005	1	10
	21	50926	15	10
	22	30605	1	25
	23	30606	1	25
	24	81712	1	10
	25	95000	1	200
	26	81601	1	20
}

Group	Lord_Gnoll
{
	type	limit
	Mob	3090
	level_limit	50
	1	50071	1	100
	2	51001	5	500
	3	71084	45	500
	4	80019	5	500
	5	50255	3	500
	6	19989	5	200
	7	70005	1	15
	8	50008	1	10
	9	30504	4	40
	10	30505	4	40
	11	30506	4	40
	12	50006	1	10
	13	49990	1	50
}

Group	Bas_Gnoll_Nobetci
{
	type	limit
	Mob	3091
	level_limit	50
	1	50071	1	100
	2	51001	15	500
	3	71084	75	500
	4	80019	5	500
	5	50255	5	500
	6	19989	5	200
	7	70005	1	15
	8	50008	1	10
	9	30504	4	40
	10	30505	4	40
	11	30512	4	40
	12	50006	1	10
	13	49990	1	50
}

Group	Arges
{
	type	limit
	Mob	3190
	level_limit	50
	1	50071	1	100
	2	51001	5	500
	3	71084	45	500
	4	80019	5	500
	5	50255	3	500
	6	19989	5	200
	7	70005	1	15
	8	50008	1	10
	9	30504	4	40
	10	30505	4	40
	11	30506	4	40
	12	50006	1	10
	13	49990	1	50
}

Group	Polyphemos
{
	type	limit
	Mob	3191
	level_limit	50
	1	50071	1	100
	2	51001	15	500
	3	71084	75	500
	4	80019	5	500
	5	50255	5	500
	6	19989	5	200
	7	70005	1	15
	8	50008	1	10
	9	30504	4	40
	10	30505	4	40
	11	30512	4	40
	12	50006	1	10
	13	49990	1	50
}
Group	Rakshasa
{
	type	limit
	Mob	3290
	level_limit	50
	1	50071	1	100
	2	51001	5	500
	3	71084	45	500
	4	80019	5	500
	5	50255	3	500
	6	19989	5	200
	7	70005	1	15
	8	50008	1	10
	9	30504	4	40
	10	30505	4	40
	11	30506	4	40
	12	50006	1	10
	13	49990	1	50
}

Group	Martyaxwar
{
	type	limit
	Mob	3291
	level_limit	50
	1	50071	1	100
	2	51001	15	500
	3	71084	75	500
	4	80019	5	500
	5	50255	5	500
	6	19989	5	200
	7	70005	1	15	
	8	50008	1	10
	9	30504	4	40
	10	30505	4	40
	11	30512	4	40
	12	50006	1	10
	13	49990	1	50
}


Group	Lemur_Prensi
{
	type	limit
	Mob	3390
	level_limit	50
	1	50071	1	100
	2	51001	10	500
	3	71084	50	500
	4	80019	5	500
	5	50255	3	500
	6	19989	5	200
	7	70005	1	15
	8	50008	1	10
	9	30504	4	40
	10	30505	4	40
	11	30506	4	40
	12	50006	1	10
	13	49990	1	50
}

Group	Lemur_Muhafiz
{
	type	limit
	Mob	3391
	level_limit	50
	1	50071	1	100
	2	51001	25	500
	3	71084	200	500
	4	80019	5	500
	5	50255	5	500
	6	19989	5	200
	7	70005	1	15
	8	50008	1	10
	9	50259	1	10
	10	25041	1	25
	11	30504	8	40
	12	30505	8	40
	13	30512	8	40
	14	50006	1	10
	15	49990	1	50
}

Group	General_Kappa
{
	type	limit
	Mob	3490
	level_limit	50
	1	50071	1	100
	2	51001	5	500
	3	71084	45	500
	4	80019	5	500
	5	50255	3	500
	6	19989	5	200
	7	70005	1	15
	8	50008	1	10
	9	30504	4	40
	10	30505	4	40
	11	30506	4	40
	12	50006	1	10
	13	49990	1	50
}

Group	Triton
{
	type	limit
	Mob	3491
	level_limit	50
	1	50071	1	100
	2	51001	15	500
	3	71084	75	500
	4	80019	5	500
	5	50255	5	500
	6	19989	5	200
	7	70005	1	15
	8	50008	1	10
	9	30504	4	40
	10	30505	4	40
	11	30512	4	40
	12	50006	1	10
	13	49990	1	50
}
Group	Kemiksurat
{
	type	limit
	Mob	3590
	level_limit	50
	1	50071	1	100
	2	51001	5	500
	3	71084	45	500
	4	80019	5	500
	5	50255	3	500
	6	19989	5	200
	7	70005	1	15
	8	50008	1	10
	9	30504	4	40
	10	30505	4	40
	11	30506	4	40
	12	50006	1	10
	13	49990	1	50
}

Group	Kizil_Reis
{
	type	limit
	Mob	3591
	level_limit	50
	1	50071	1	100
	2	51001	15	500
	3	71084	75	500
	4	80019	5	500
	5	50255	5	500
	6	19989	5	200
	7	70005	1	15
	8	50008	1	10
	9	30504	4	40
	10	30505	4	40
	11	30512	4	40
	12	50006	1	10
	13	49990	1	50
}
Group	Zalim_Kemiksurat
{
	type	limit
	Mob	3595
	level_limit	50
	1	50071	1	100
	2	51001	5	500
	3	71084	45	500
	4	80019	5	500
	5	50255	3	500
	6	19989	5	200
	7	70005	1	15
	8	50008	1	10
	9	30504	4	40
	10	30505	4	40
	11	30506	4	40
	12	50006	1	10
	13	49990	1	50
}

Group	Zalim_Kizil_Reis
{
	type	limit
	Mob	3596
	level_limit	50
	1	50071	1	100
	2	51001	15	500
	3	71084	75	500
	4	80019	5	500
	5	50255	5	500
	6	19989	5	200
	7	70005	1	15
	8	50008	1	10
	9	30504	4	40
	10	30505	4	40
	11	30512	4	40
	12	50006	1	10
	13	49990	1	50
}
Group	General_Istakoz
{
	type	limit
	Mob	3690
	level_limit	50
	1	50071	1	100
	2	51001	15	500
	3	71084	65	500
	4	80019	5	500
	5	50255	3	500
	6	19989	5	200
	7	70005	1	15
	8	50008	1	10
	9	30504	4	40
	10	30505	4	40
	11	30506	4	40
	12	50006	1	10
	13	49990	1	50
}

Group	Kral_Yengec
{
	type	limit
	Mob	3691
	level_limit	50
	1	50071	1	100
	2	51001	25	500
	3	71084	100	500
	4	80019	5	500
	5	50255	5	500
	6	19989	5	200
	7	70005	1	15
	8	50008	1	10
	9	30504	4	40
	10	30505	4	40
	11	30512	4	40
	12	50259	1	10
	13	50006	1	10
	13	49990	1	50
}

Group	Gargoyle
{
	type	limit
	Mob	3790
	level_limit	50
	1	50071	1	100
	2	51001	15	500
	3	71084	65	500
	4	80019	5	500
	5	50255	3	500
	6	19989	5	200
	7	70005	1	15
	8	50008	1	10
	9	30504	4	40
	10	30505	4	40
	11	30506	4	40
	12	50006	1	10
	13	49990	1	50
}

Group	Kral_Voba
{
	type	limit
	Mob	3791
	level_limit	50
	1	50071	1	100
	2	51001	40	500
	3	71084	100	500
	4	80019	5	500
	5	50255	5	500
	6	19989	5	200
	7	70005	1	15
	8	50008	1	10
	9	30504	4	40
	10	30505	4	40
	11	30512	4	40
	12	50259	1	10
	13	50006	1	10
	13	49990	1	50
}

Group	Kaptain_Srak
{
	type	limit
	Mob	3890
	level_limit	50
	1	50071	1	100
	2	51001	15	500
	3	71084	65	500
	4	80019	5	500
	5	50255	3	500
	6	19989	5	200
	7	70005	1	15
	8	50008	1	10
	9	30504	4	40
	10	30505	4	40
	11	30506	4	40
	12	50006	1	10
	13	49990	1	50
}

Group	Dev_Ocu
{
	type	limit
	Mob	3891
	level_limit	50
	1	50071	1	100
	2	51001	20	500
	3	71084	80	500
	4	80019	5	500
	5	50255	4	500
	6	19989	5	200
	7	70005	1	15
	8	50008	1	10
	9	30504	4	40
	10	30505	4	40
	11	30512	4	40
	12	50006	1	10
	13	49990	1	50
}

Group	cyristal_dungeon_boss
{
	type	limit
	Mob	950
	level_limit	95
	1	95009	1	200
	2	95009	1	200
	3	95009	1	200
	4	95009	1	20
	5	95009	1	20
	6	95009	1	1
	7	70600	1	30
	8	19983	1	20
	9	19984	2	25
	10	70603	1	20
	11	78729	1	10
	12	78728	1	10
	13	78727	1	10
	14	78726	1	10
	15	19978	3	50
	16	25042	1	10
	17	50926	20	20
	18	50926	20	20
	19	50926	20	10
	20	55406	1	50
	21	81601	1	20
}

Group	demon_dungeon_boss
{
	type	limit
	Mob	816
	level_limit	95
	1	95010	1	200
	2	95010	1	200
	3	95010	1	200
	4	95010	1	20
	5	95010	1	20
	6	95010	1	1
	7	70600	1	30
	8	19983	1	20
	9	19984	2	25
	10	70603	1	20
	11	78729	1	10
	12	78728	1	10
	13	78727	1	10
	14	78726	1	10
	15	19978	3	50
	16	25042	1	10
	17	50926	20	20
	18	50926	20	20
	19	50926	20	10
	20	55407	1	50
	21	81601	1	20
}

Group	????
{
	Level_limit	90
	Mob	949
	Type	drop
	1	95009	1	200
}

Group	buyulu_mantar_efsanesi
{
	type	limit
	Mob	4969
	level_limit	95
	1	95006	1	200
	2	95006	1	200
	3	19983	1	20
	4	19984	2	25
	5	70603	1	20
	6	78729	1	10
	7	78728	1	10
	8	78727	1	10
	9	78726	1	10
	10	19978	3	50
	11	25042	1	10
	12	50926	20	20
	13	50926	20	20
	14	50926	20	10
	15	51001	50	50
	16	51002	1	25
	17	51643	1	50
	18	81601	1	20
}

Group	İgnator
{
	type	limit
	mob	6051
	level_limit	75
	1	50071	1	100
	2	51001	5	500
	3	71084	45	500
	4	80019	5	500
	5	50255	3	500
	6	19989	5	200
	7	70005	1	15
	8	50008	1	10
	9	30504	4	40
	10	30505	4	40
	11	30506	4	40
	12	50006	1	10
	13	49990	1	50
}

Group	Szel
{
	type	limit
	mob	6151
	level_limit	75
	1	50071	1	100
	2	51001	5	500
	3	71084	45	500
	4	80019	5	500
	5	50255	3	500
	6	19989	5	200
	7	70005	1	15
	8	50008	1	10
	9	30504	4	40
	10	30505	4	40
	11	30506	4	40
	12	50006	1	10
	13	49990	1	50
}

Group	MetinLv85
{
	Mob	8038
	Type	drop
	1	50300	1	200
	2	50300	1	50
	3	70613	1	45
	4	25040	1	20  
	5	71084	15	200
	6	27987	1	50
	7	30270	1	200
	8	50513	1	3
	9	71503	1	200
	10	19979	1	40
	11	19981	1	50
}

Group	Cehennem_Atesi_Metin
{
	Mob	8057
	Type	drop
	1	50300	1	200
	2	50300	1	50
	3	70613	1	45
	4	25040	1	20  
	5	71084	15	200
	6	27987	1	50
	7	30270	1	200
	8	50513	1	3
	9	71503	1	200
	10	19979	1	40
	11	19981	1	50
}

Group	Ayaz_Metin
{
	Mob	8057
	Type	drop
	1	50300	1	200
	2	50300	1	50
	3	70613	1	45
	4	25040	1	20  
	5	71084	15	200
	6	27987	1	50
	7	30270	1	200
	8	50513	1	3
	9	71503	1	200
	10	19979	1	40
	11	19981	1	50
}

Group	Altın_Ejderha_Kutusu
{
	Mob	20420
	Type	drop
	1	50270	1	200
	2	50270	1	200
	3	55406	1	200

}

Group	Hidra_Hazinesi
{
	Mob	3965
	Type	drop
	1	95008	1	200
	2	95008	1	200

}
