30003
30004
30005
30006
30007
30008
30009
30010
30011
30014
30015
30016
30017
30018
30019
30021
30022
30023
30025
30027
30028
30030
30031
30032
30033
30034
30035
30037
30038
30039
30040
30041
30042
30045
30046
30047
30048
30049
30050
30051
30052
30053
30055
30056
30057
30058
30059
30060
30061
30067
30069
30070
30071
30072
30073
30074
30075
30076
30077
30078
30079
30080
30081
30082
30083
30084
30085
30086
30087
30088
30089
30090
30091
30092
30192
30193
30194
30195
30196
30197
30198
30199
30500
30501
30502
30503
30504
30505
30506
30507
30508
30509
30510
30511
30512
30513
30514
30515
30516
30517
30518
30519
30520
30521
30522
30523
30524
30525
30600
30601
30602
30603
30604
30605
30606
30607
30608
30609
30610
30611
30612
30614
30615
30616
30617
30618
30619
85000
70017
70018
70023
30554
30555
30557
30558
30559
80019
81620
81621
81622
78726
78727
78728
78729
78730