m       450     608     0       0       0       1       1m      100     1       9001
//m       451     608     0       0       0       5       1m      100     1       9007
m       471     608     0       0       0       1       1m      100     1       9002
//m       472     608     0       0       0       5       1m      100     1       9008
m       422     608     0       0       0       3       1m      100     1       9003
m       430     574     0       0       0       8       1m      100     1       9005
m       487     666     0       0       0       6       1m      100     1       9006
m       423     618     0       0       0       3       1m      100     1       20016
m       100     150     0       0       0       4       1m      100     1       20009
// NPC-------------------------------------------------------------------------------
m       548     588     0       0       0       5       1m      100     1       20349
m       582     561     0       0       0       0       1m      100     1       20015
m       516     579     0       0       0       0       1m      100     1       20010
m       541     620     0       0       0       0       1m      100     1       20020
m       419     563     0       0       0       0       1m      100     1       20022
m       549     562     1       1       0       0       1m      100     1       20012
m       475     684     1       1       0       0       1m      100     1       20014
m       415     638     1       1       0       0       1m      100     1       20017
m       564     603     1       1       0       0       1m      100     1       20019
m       408     581     1       1       0       0       1m      100     1       20021
m       583     585     1       1       0       0       1m      100     1       20024
g       551     602     1       1       0       0       1m      100     1       12007

// 워프
m       948     804     0       0       0       0       1m      100     1       10002
m       145	823     0       0       0       0       1m      100     1       10020
//m       1002    565     0       0       0       7       1m      100     1       20350
m       500	575     0       0       0       0       1m      100     1       9012

// 길드
m       458     631     0       0       0       0       1m      100     1       11000
m       478     633     0       0       0       0       1m      100     1       11001

// 왜구 -----------------------------------------------------------------------------------
s       0       0       0       0       0       0       3600s   100     1       5001
s       0       0       0       0       0       0       7200s   100     1       5002
s       0       0       0       0       0       0       600s	100	5	5004

// 떠돌이 행상인
m	180	600	0	0	0	0	1m	100	1	20042

// QUEST NPC 
m	481	298	0	0	0	0	1m	100	1	20364
m	494	574	0	0	0	0	1m	100	1	20093
m	1002	565	1	1	0	0	1m	100	1	10069