m       460     467     0       0       0       5       1m      100     1       9001
//m       461     467     0       0       0       1       1m      100     1       9007
m       435     467     0       0       0       5       1m      100     1       9002
//m       436     467     0       0       0       1       1m      100     1       9008
m       484     387     0       0       0       8       1m      100     1       9003
m       394     390     0       0       0       3       1m      100     1       9005
m       433     376     0       0       0       1       1m      100     1       9006
m       491     399     0       0       0       8       1m      100     1       20016

// NPC-------------------------------------------------------------------------------
m       527     373     0       0       0       2       1m      100     1       20349
m       515     322     0       0       0       0       1m      100     1       20015
m       537     420     0       0       0       0       1m      100     1       20010
m       451     330     0       0       0       0       1m      100     1       20020
m       370     475     0       0       0       0       1m      100     1       20022
m       493     335     1       1       0       0       1m      100     1       20012
m       411     333     1       1       0       0       1m      100     1       20014
m       384     454     1       1       0       0       1m      100     1       20017
m       366     389     1       1       0       0       1m      100     1       20019
m       403     482     1       1       0       0       1m      100     1       20021
m       372     362     1       1       0       0       1m      100     1       20024
g       520     361     1       1       0       0       1m      100     1       12007
// 워프
m       901     151     0       0       0       0       1m      100     1       10006
//m       136     899     0       0       0       0       1m      100     1       10011
m       914     907     0       0       0       0       1m      100     1       10024
m       136     899     0       0       0       4       1m      100     1       20009
//m       535     41      0       0       0       1       1m      100     1       20350
m       480     355     0       0       0       1       1m      100     1       9012

// 길드
m       442     412     0       0       0       0       1m      100     1       11004
m       420     416     0       0       0       0       1m      100     1       11005

// 왜구 -----------------------------------------------------------------------------------
s       0       0       0       0       0       0       3600s   100     1       5001
s       0       0       0       0       0       0       7200s   100     1       5002
// 다나까 -----------------------------------------------------------------------------------
s	0	0	0	0	0	0	600s	100	10	5004

// 떠돌이 행상인
m	167	224	0	0	0	0	1m	100	1	20042

// QUEST NPC 
m	535	892	0	0	0	0	1m	100	1	20364
m	474	346	0	0	0	0	1m	100	1	20093
m	535	45	1	1	0	0	1m	100	1	10069